1002,74,3541,0,3
1002,74,3541,1,3
1002,74,3541,2,2
1003,1000,3553,0,2
1003,38,3554,0,2
1003,38,3554,1,2
1004,262,3551,0,3
1007,440,3556,0,2
1007,440,3556,1,2
1008,74,3552,0,2
1010,1005,3566,0,2
1011,82,3561,0,2
1011,82,3561,1,2
1011,82,3561,2,2
1011,85,3562,0,2
1011,86,3563,0,3
1011,86,3563,1,3
1011,88,3564,0,2
1011,88,3564,1,2
1011,88,3564,2,2
1011,88,3564,3,2
1011,88,3564,4,2
1011,88,3564,5,2
1012,88,3567,0,2
1013,282,3569,0,2
1013,282,3569,1,3
1013,282,3569,2,3
1013,286,3571,0,2
1013,286,3571,1,2
1013,286,3571,2,3
1013,286,3571,3,2
1013,286,3571,4,2
1013,286,3571,5,2
1013,286,3571,6,2
1013,286,3571,7,2
1014,277,3578,0,2
1014,278,3579,0,2
1014,278,3579,1,2
1014,278,3579,2,2
1014,278,3579,3,3
1014,278,3579,4,2
1014,278,3579,5,2
1014,278,3579,6,2
1014,278,3579,7,2
1014,278,3579,8,2
1017,282,3576,0,2
1018,1006,3614,0,2
1018,1007,3615,0,2
1018,775,3626,0,2
1018,775,3626,1,3
1019,1020,3586,0,2
1021,36,3581,0,2
1021,36,3581,1,2
1021,36,3581,2,2
1022,90,3582,0,2
1022,90,3582,1,2
1024,86,3590,0,2
1024,87,3591,0,2
1025,41,3589,0,2
1029,257,3594,0,2
1029,257,3594,1,2
1029,257,3594,2,2
1029,257,3594,3,2
1029,257,3594,4,2
1029,257,3594,5,2
1029,257,3594,6,2
1029,257,3594,7,2
1029,257,3594,8,2
1030,300,3593,0,2
1031,236,3603,0,2
1031,236,3603,1,2
1031,236,3603,2,2
1031,236,3603,3,2
1031,236,3603,4,2
1031,236,3603,5,2
1031,236,3603,6,2
1031,236,3603,7,2
1031,236,3603,8,2
1031,236,3603,9,2
1031,236,3603,10,2
1031,236,3603,11,2
1031,236,3603,12,3
1031,237,3604,0,2
1031,237,3604,1,2
1031,237,3604,2,2
1032,392,3610,0,2
1032,392,3610,1,3
1032,392,3610,2,2
1032,392,3610,3,2
1032,392,3610,4,3
1032,392,3610,5,2
1032,392,3610,6,2
1032,392,3610,7,2
1032,392,3610,8,3
1032,392,3610,9,3
1032,392,3610,10,3
1032,392,3610,11,4
1033,899,3597,0,3
1033,899,3597,1,3
1033,899,3597,2,2
1033,899,3597,3,2
1033,899,3597,4,2
1033,899,3597,5,2
1033,899,3597,6,2
1033,900,3598,0,3
1033,900,3598,1,3
1033,900,3598,2,3
1033,900,3598,3,3
1036,71,3601,0,2
1036,71,3601,1,2
1036,71,3601,2,2
1037,82,3606,0,2
1037,82,3606,1,2
1037,82,3606,2,3
1037,82,3606,3,3
1037,82,3606,4,2
1037,82,3606,5,2
1037,82,3606,6,2
1037,277,3607,0,2
1037,86,3608,0,2
1039,322,3627,0,3
1078,2523,5727,0,3
1080,2529,5732,0,2
1080,2529,5732,1,2
1080,2529,5732,2,2
1080,2529,5732,3,2
1080,2529,5732,4,2
1050,1032,3658,0,2
1050,1034,3660,0,2
1050,1035,3661,0,2
1050,1036,3662,0,2
1050,1037,3663,0,2
1052,1044,3674,0,2
1052,1045,3675,0,2
1052,1046,3676,0,2
1052,1047,3677,0,2
1052,1048,3678,0,2
1052,1049,3679,0,2
1052,1050,3680,0,2
1052,1051,3681,0,2
1052,1052,3682,0,2
1052,1053,3683,0,2
1052,1054,3684,0,2
1052,1055,3685,0,2
1052,1056,3686,0,2
1053,1057,3653,0,2
1054,1058,3667,0,2
1054,1059,3668,0,2
1055,687,3664,0,2
1055,687,3664,1,3
1055,740,3665,0,2
1055,740,3665,1,2
1055,693,3666,0,2
1056,908,3698,0,2
1056,908,3698,1,2
1056,908,3698,2,2
1058,908,3687,0,2
1058,908,3687,1,2
1058,908,3687,2,2
1058,735,3688,0,2
1058,653,3689,0,2
1058,655,3690,0,2
1058,737,3691,0,2
1058,657,3692,0,2
1058,659,3693,0,2
1058,1034,3694,0,2
1058,687,3695,0,2
1058,687,3695,1,3
1058,740,3696,0,2
1058,740,3696,1,2
1058,693,3697,0,2
1083,2530,5730,0,2
1084,2548,5733,0,2
1060,543,3714,0,3
1061,432,3715,0,2
1061,432,3715,1,2
1061,432,3715,2,3
1061,432,3715,3,2
1061,432,3715,4,2
1061,432,3715,5,2
1061,432,3715,6,2
1063,82,3713,0,3
1063,82,3713,1,3
1063,82,3713,2,3
1063,82,3713,3,2
1100,2534,6147,0,2
1101,2530,6152,0,2
1104,2544,6154,0,3
1104,2544,6154,1,2
1104,2544,6154,2,2
1104,2544,6154,3,2
1104,2544,6154,4,2
1104,2544,6154,5,2
1104,2544,6154,6,2
1104,2544,6154,7,2
1104,2544,6154,8,2
1104,2544,6154,9,2
1104,2544,6154,10,2
1104,2544,6154,11,2
1104,2544,6154,12,3
1104,2544,6154,13,3
1104,2544,6154,14,2
1104,2546,6155,0,2
1104,2546,6155,1,2
1104,2546,6155,2,2
1105,2526,6156,0,2
1105,2526,6156,1,3
1108,2536,6161,0,2
1108,2537,6162,0,2
1108,2537,6162,1,2
1108,2537,6162,2,2
1108,2538,6163,0,3
1108,2538,6163,1,2
1108,2540,6164,0,3
1108,2540,6164,1,2
1108,2540,6164,2,2
1108,2540,6164,3,3
1108,2540,6164,4,2
1108,2540,6164,5,2
1108,2540,6164,6,2
1108,2540,6164,7,2
1116,2527,6176,0,2
1116,2527,6176,1,2
1116,2527,6176,2,2
1116,2539,6177,0,2
1118,2539,6178,0,2
1118,2539,6178,1,2
1118,2539,6178,2,2
1118,2539,6178,3,2
1119,2542,6180,0,2
1067,1713,3855,0,3
1067,1714,3856,0,2
1067,1714,3856,1,3
1067,1715,3857,0,2
1067,1715,3857,1,2
1067,1715,3857,2,2
1067,1716,3858,0,2
1067,1716,3858,1,2
1067,1716,3858,2,2
1067,1716,3858,3,2
1067,1716,3858,4,2
1067,1717,3859,0,2
1067,1717,3859,1,2
1067,1718,3860,0,2
1067,1719,3861,0,2
1067,1720,3862,0,2
1067,1720,3862,1,2
1067,1720,3862,2,2
1067,1721,3863,0,3
1067,1721,3863,1,2
1067,1722,3864,0,2
1067,1722,3864,1,2
1067,1722,3864,2,2
1067,1722,3864,3,2
1067,1723,3865,0,3
1067,1723,3865,1,2
1067,1723,3865,2,2
1067,1723,3865,3,3
1067,1723,3865,4,2
1067,1723,3865,5,2
1067,1723,3865,6,2
1067,1723,3865,7,2
1067,1724,3866,0,2
1067,1725,3867,0,3
1067,1725,3867,1,2
1067,1725,3867,2,2
1067,1725,3867,3,2
1067,1725,3867,4,2
1067,1725,3867,5,2
1067,1725,3867,6,2
1067,1725,3867,7,2
1067,1725,3867,8,2
1067,1725,3867,9,2
1067,1725,3867,10,2
1067,1725,3867,11,2
1067,1725,3867,12,3
1067,1725,3867,13,3
1067,1725,3867,14,2
1067,1726,3868,0,2
1067,1726,3868,1,2
1067,1726,3868,2,2
1067,1727,3869,0,2
1120,2505,6181,0,3
1120,2507,6182,0,2
1120,2507,6182,1,2
1120,2507,6182,2,3
1120,2507,6182,3,2
1120,2507,6182,4,2
1120,2507,6182,5,2
1120,2507,6182,6,2
1120,2530,6183,0,3
1120,2530,6183,1,3
1120,2530,6183,2,3
1120,2530,6183,3,2
1121,2530,6193,0,2
1121,2530,6193,1,2
1121,2530,6193,2,3
1121,2530,6193,3,2
1121,2530,6193,4,2
1121,2530,6193,5,3
1068,1717,3716,0,2
1068,1717,3716,1,2
1068,1717,3716,2,3
1068,1717,3716,3,2
1068,1717,3716,4,2
1068,1717,3716,5,3
1123,2547,6200,0,3
1123,2547,6200,1,3
1125,2541,6192,0,2
1125,2541,6192,1,2
1128,2527,6196,0,3
1132,2540,6202,0,2
1065,543,3971,0,3
1065,432,3972,0,2
1065,432,3972,1,2
1065,432,3972,2,3
1065,432,3972,3,2
1065,432,3972,4,2
1065,432,3972,5,2
1065,432,3972,6,2
1065,1150,3973,0,3
1065,1151,3974,0,2
1065,1151,3974,1,3
1065,1152,3975,0,2
1065,1152,3975,1,2
1065,1152,3975,2,2
1065,1152,3975,3,3
1065,1153,3976,0,2
1065,1153,3976,1,2
1065,1153,3976,2,2
1065,1153,3976,3,2
1065,1153,3976,4,2
1065,1154,3977,0,3
1065,1154,3977,1,3
1065,1154,3977,2,2
1065,1154,3977,3,2
1065,1154,3977,4,3
1065,1154,3977,5,2
1065,1157,3980,0,2
1065,1158,3981,0,2
1065,1159,3982,0,2
1065,1159,3982,1,2
1065,1159,3982,2,2
1065,1160,3983,0,3
1065,1160,3983,1,2
1065,1161,3984,0,2
1065,1161,3984,1,2
1065,1161,3984,2,2
1065,1161,3984,3,2
1065,1162,3985,0,3
1065,1162,3985,1,2
1065,1162,3985,2,2
1065,1162,3985,3,3
1065,1162,3985,4,2
1065,1162,3985,5,2
1065,1162,3985,6,2
1065,1162,3985,7,2
1065,1162,3985,8,2
1065,1163,3986,0,2
1065,1163,3986,1,2
1065,1164,3987,0,2
1065,1165,3988,0,3
1065,1165,3988,1,2
1065,1165,3988,2,2
1065,1165,3988,3,2
1065,1165,3988,4,2
1065,1165,3988,5,2
1065,1165,3988,6,2
1065,1165,3988,7,2
1065,1165,3988,8,2
1065,1165,3988,9,2
1065,1165,3988,10,2
1065,1165,3988,11,2
1065,1165,3988,12,3
1065,1165,3988,13,3
1065,1165,3988,14,2
1065,1166,3989,0,2
1065,1166,3989,1,2
1065,1166,3989,2,2
1065,1167,3990,0,3
1065,1167,3990,1,3
1065,1168,3991,0,2
1138,2548,6263,0,2
1138,2548,6263,1,2
1071,1727,3720,0,2
1071,1727,3720,1,2
1139,2535,6265,0,2
1142,2527,6266,0,2
1142,2527,6266,1,2
1142,2527,6266,2,2
1144,2522,6269,0,2
1144,2522,6269,1,2
1144,2522,6269,2,2
1144,2528,6270,0,2
1148,2525,6283,0,3
1148,2525,6283,1,3
1066,543,4203,0,3
1066,432,4204,0,2
1066,432,4204,1,2
1066,432,4204,2,3
1066,432,4204,3,2
1066,432,4204,4,2
1066,432,4204,5,2
1066,432,4204,6,2
1073,1743,3742,0,2
1073,1743,3742,1,2
1073,1743,3742,2,2
1073,1744,3743,0,3
1073,1744,3743,1,3
1073,1715,3744,0,2
1073,1715,3744,1,2
1073,1715,3744,2,2
1073,1715,3744,3,3
1073,1745,3745,0,2
1073,1747,3747,0,2
1073,1723,3748,0,2
1073,1748,3749,0,2
1073,1748,3749,1,2
1073,1749,3750,0,3
1073,1749,3750,1,3
1151,2529,6285,0,3
1151,2529,6285,1,2
1152,2529,6287,0,2
1152,2529,6287,1,3
1152,2529,6287,2,3
1154,2530,6291,0,2
1154,2531,6292,0,2
1178,2771,6354,0,2
1178,2771,6354,1,2
1178,2772,6355,0,2
1178,2772,6355,1,2
1178,2773,6356,0,2
1178,2774,6357,0,2
1178,2775,6358,0,2
1155,2525,6288,0,2
1155,2525,6288,1,2
1156,2549,6297,0,2
1179,2780,6337,0,2
1179,2780,6337,1,2
1179,2780,6337,2,2
1179,1273,6338,0,2
1179,1274,6339,0,2
1179,1277,6340,0,3
1180,2780,6336,0,2
1182,2782,6342,0,2
1182,2783,6343,0,2
1182,2784,6344,0,2
1183,1277,6341,0,2
1157,2529,6301,0,2
1158,2531,6305,0,2
1159,2540,6302,0,2
1160,2543,6303,0,3
1161,2548,6308,0,2
1075,2505,5835,0,3
1075,2507,5836,0,2
1075,2507,5836,1,2
1075,2507,5836,2,3
1075,2507,5836,3,2
1075,2507,5836,4,2
1075,2507,5836,5,2
1075,2507,5836,6,2
1075,2522,5849,0,2
1075,2522,5849,1,2
1075,2522,5849,2,2
1075,2523,5850,0,3
1075,2525,5851,0,3
1075,2525,5851,1,3
1075,2526,5852,0,2
1075,2526,5852,1,3
1075,2527,5853,0,2
1075,2527,5853,1,2
1075,2527,5853,2,2
1075,2527,5853,3,3
1075,2528,5854,0,2
1075,2529,5855,0,2
1075,2529,5855,1,2
1075,2529,5855,2,2
1075,2529,5855,3,2
1075,2529,5855,4,3
1075,2529,5855,5,3
1075,2529,5855,6,2
1075,2529,5855,7,2
1075,2529,5855,8,2
1075,2530,5856,0,3
1075,2530,5856,1,3
1075,2530,5856,2,2
1075,2530,5856,3,2
1075,2530,5856,4,2
1075,2530,5856,5,3
1075,2530,5856,6,2
1075,2531,5857,0,2
1075,2531,5857,1,2
1075,2534,5860,0,2
1075,2535,5861,0,2
1075,2536,5862,0,2
1075,2537,5863,0,2
1075,2537,5863,1,2
1075,2537,5863,2,2
1075,2538,5864,0,3
1075,2538,5864,1,2
1075,2539,5865,0,2
1075,2539,5865,1,2
1075,2539,5865,2,2
1075,2539,5865,3,2
1075,2540,5866,0,3
1075,2540,5866,1,2
1075,2540,5866,2,2
1075,2540,5866,3,3
1075,2540,5866,4,2
1075,2540,5866,5,2
1075,2540,5866,6,2
1075,2540,5866,7,2
1075,2540,5866,8,2
1075,2540,5866,9,2
1075,2541,5867,0,2
1075,2541,5867,1,2
1075,2542,5868,0,2
1075,2543,5869,0,3
1075,2544,5870,0,3
1075,2544,5870,1,2
1075,2544,5870,2,2
1075,2544,5870,3,2
1075,2544,5870,4,2
1075,2544,5870,5,2
1075,2544,5870,6,2
1075,2544,5870,7,2
1075,2544,5870,8,2
1075,2544,5870,9,2
1075,2544,5870,10,2
1075,2544,5870,11,2
1075,2544,5870,12,3
1075,2544,5870,13,3
1075,2544,5870,14,2
1075,2546,5872,0,2
1075,2546,5872,1,2
1075,2546,5872,2,2
1075,2547,5873,0,3
1075,2547,5873,1,3
1075,2548,5874,0,2
1075,2548,5874,1,2
1075,2548,5874,2,2
1075,2549,5875,0,2
1185,2785,6350,0,2
1165,2540,6312,0,2
1195,2789,6364,0,2
1168,2540,6316,0,2
1199,2773,6377,0,2
1199,2773,6377,1,2
1199,2773,6377,2,3
1199,2773,6377,3,4
1199,2773,6377,4,3
1199,2773,6377,5,2
1199,2773,6377,6,3
1199,2773,6377,7,3
1199,2773,6377,8,3
1201,2785,6376,0,3
1201,2785,6376,1,2
1201,2785,6376,2,2
1201,2785,6376,3,2
1201,2785,6376,4,2
1201,2785,6376,5,2
1201,2785,6376,6,3
1201,2785,6376,7,2
1201,2785,6376,8,2
1171,2662,6317,0,3
1171,2662,6317,1,3
1173,2544,6319,0,3
1076,2505,5991,0,3
1076,2507,5992,0,2
1076,2507,5992,1,2
1076,2507,5992,2,3
1076,2507,5992,3,2
1076,2507,5992,4,2
1076,2507,5992,5,2
1076,2507,5992,6,2
1076,2522,6005,0,2
1076,2522,6005,1,2
1076,2522,6005,2,2
1076,2523,6006,0,3
1076,2525,6007,0,3
1076,2525,6007,1,3
1076,2526,6008,0,2
1076,2526,6008,1,3
1076,2527,6009,0,2
1076,2527,6009,1,2
1076,2527,6009,2,2
1076,2527,6009,3,3
1076,2528,6010,0,2
1076,2529,6011,0,2
1076,2529,6011,1,2
1076,2529,6011,2,2
1076,2529,6011,3,2
1076,2529,6011,4,3
1076,2529,6011,5,3
1076,2529,6011,6,2
1076,2529,6011,7,2
1076,2529,6011,8,2
1076,2530,6012,0,3
1076,2530,6012,1,3
1076,2530,6012,2,2
1076,2530,6012,3,2
1076,2530,6012,4,2
1076,2530,6012,5,3
1076,2530,6012,6,2
1076,2531,6013,0,2
1076,2531,6013,1,2
1076,2662,6016,0,3
1076,2662,6016,1,3
1076,2534,6017,0,2
1076,2535,6018,0,2
1076,2536,6019,0,2
1076,2537,6020,0,2
1076,2537,6020,1,2
1076,2537,6020,2,2
1076,2538,6021,0,3
1076,2538,6021,1,2
1076,2539,6022,0,2
1076,2539,6022,1,2
1076,2539,6022,2,2
1076,2539,6022,3,2
1076,2540,6023,0,3
1076,2540,6023,1,2
1076,2540,6023,2,2
1076,2540,6023,3,3
1076,2540,6023,4,2
1076,2540,6023,5,2
1076,2540,6023,6,2
1076,2540,6023,7,2
1076,2540,6023,8,2
1076,2540,6023,9,2
1076,2540,6023,10,2
1076,2541,6024,0,2
1076,2541,6024,1,2
1076,2542,6025,0,2
1076,2543,6026,0,3
1076,2544,6027,0,3
1076,2544,6027,1,2
1076,2544,6027,2,2
1076,2544,6027,3,3
1076,2544,6027,4,2
1076,2544,6027,5,2
1076,2544,6027,6,2
1076,2544,6027,7,2
1076,2544,6027,8,2
1076,2544,6027,9,2
1076,2544,6027,10,3
1076,2544,6027,11,3
1076,2544,6027,12,2
1076,2546,6029,0,2
1076,2546,6029,1,2
1076,2546,6029,2,2
1076,2547,6038,0,3
1076,2547,6038,1,3
1076,2548,6039,0,2
1076,2548,6039,1,2
1076,2548,6039,2,2
1076,2549,6040,0,2
1204,1744,6412,0,2
1204,1744,6412,1,2
1204,1716,6413,0,2
1204,1716,6413,1,2
1204,1716,6413,2,3
1204,1716,6413,3,3
1204,1717,6414,0,2
1204,2800,6415,0,2
1204,2800,6415,1,2
1204,2801,6416,0,3
1204,2801,6416,1,3
1204,1723,6417,0,2
1204,1723,6417,1,2
1204,2802,6418,0,3
1204,1725,6419,0,3
1204,1727,6429,0,2
1204,2813,6430,0,2
1209,2818,6387,0,2
1210,2799,6388,0,2
1215,2818,6440,0,3
1228,2800,6452,0,2
1228,2800,6452,1,2
1233,2800,6459,0,2
1236,2835,6481,0,2
1238,2836,6482,0,2
1238,2836,6482,1,2
1238,2836,6482,2,2
1239,2800,6483,0,2
1239,2800,6483,1,3
1241,2837,6496,0,2
1241,2837,6496,1,2
1242,2837,6494,0,2
1247,2838,6502,0,2
1252,2839,6505,0,3
1252,2839,6505,1,2
1252,2839,6505,2,3
1254,2839,6507,0,2
1255,2838,6510,0,2
1261,2840,6515,0,2
1261,2841,6516,0,2
1261,2841,6516,1,2
1262,2838,6517,0,3
1262,2838,6517,1,2
1263,2842,6521,0,2
1266,2845,6523,0,2
1269,2846,6534,0,2
1269,2846,6534,1,2
1269,2847,6535,0,2
1269,2847,6535,1,3
1269,428,6536,0,2
1269,428,6536,1,2
1269,428,6536,2,2
1269,428,6536,3,2
1269,544,6537,0,2
1269,544,6537,1,2
1269,544,6537,2,3
1269,544,6537,3,2
1269,544,6537,4,2
1269,545,6538,0,2
1269,545,6538,1,2
1269,545,6538,2,2
1269,545,6538,3,2
1269,545,6538,4,2
1269,2848,6539,0,2
1269,2848,6539,1,3
1269,2849,6540,0,2
1269,2849,6540,1,3
1269,2850,6541,0,2
1269,2850,6541,1,3
1269,432,6542,0,2
1269,432,6542,1,2
1269,2853,6545,0,2
1269,2853,6545,1,3
1271,2855,6529,0,2
1271,2855,6529,1,2
1271,2855,6529,2,2
1271,2855,6529,3,2
1271,2855,6529,4,2
1271,2855,6529,5,2
1271,2855,6529,6,2
1271,2855,6529,7,3
1271,2856,6530,0,3
1271,2857,6531,0,3
1271,2857,6531,1,3
1276,2845,6552,0,2
1276,2845,6552,1,3
1276,2845,6552,2,2
1276,2838,6553,0,2
1276,2838,6553,1,3
1276,2838,6553,2,3
1279,1747,6562,0,2
1279,1747,6562,1,2
1279,1747,6562,2,2
1279,1747,6562,3,3
1279,1747,6562,4,3
1279,1747,6562,5,2
1279,1720,6563,0,2
1279,1721,6564,0,2
1279,1721,6564,1,2
1279,1721,6564,2,2
1279,1723,6565,0,2
1279,1723,6565,1,3
1279,1723,6565,2,2
1279,1723,6565,3,2
1279,1723,6565,4,2
1279,1723,6565,5,3
1279,1723,6565,6,2
1279,1723,6565,7,2
1279,1723,6565,8,2
1279,1723,6565,9,2
1279,1723,6565,10,3
1279,1723,6565,11,3
1280,1721,6556,0,2
1280,1723,6557,0,3
1283,2855,6559,0,3
1284,2842,6558,0,2
1286,2858,6568,0,3
1286,2858,6568,1,2
1287,2842,6572,0,3
1288,2799,6569,0,2
1297,1743,6579,0,2
1297,1743,6579,1,2
1297,1743,6579,2,3
1297,1743,6579,3,2
1297,1743,6579,4,3
1297,1743,6579,5,2
1306,2838,6599,0,2
1308,2863,6604,0,3
1308,2863,6604,1,2
1308,2863,6604,2,3
1308,2863,6604,3,3
1308,2863,6604,4,2
1308,2863,6604,5,2
1308,2863,6604,6,2
1308,2863,6604,7,2
1308,2863,6604,8,2
1308,2863,6604,9,2
1308,2863,6604,10,3
1308,2863,6604,11,3
1308,2863,6604,12,3
1308,2863,6604,13,3
1308,2863,6604,14,4
1308,2863,6604,15,2
1308,2865,6605,0,2
1308,2866,6606,0,2
1308,2867,6607,0,2
1308,2868,6608,0,2
1308,2869,6609,0,2
1310,2818,6610,0,2
1311,2863,6612,0,2
1311,2863,6612,1,2
1313,2855,6611,0,2
1316,2863,6624,0,2
1316,2863,6624,1,2
1316,2863,6624,2,2
1316,2865,6625,0,3
1316,2865,6625,1,3
1316,2865,6625,2,2
1316,2867,6626,0,2
1316,2868,6627,0,2
1316,2870,6628,0,3
1317,2838,6630,0,3
1317,2838,6630,1,2
1317,2838,6630,2,2
1317,2838,6630,3,2
1318,1717,6618,0,2
1318,1717,6618,1,2
1318,1717,6618,2,3
1318,1717,6618,3,3
1320,2845,6620,0,2
1320,2871,6621,0,2
1320,2871,6621,1,3
1321,2872,6636,0,2
1321,2872,6636,1,2
1321,2872,6636,2,2
1328,1748,6639,0,2
1340,2873,6656,0,2
1340,2873,6656,1,3
1341,2874,6657,0,2
1342,2876,6664,0,2
1344,2863,6659,0,2
1346,2800,6660,0,2
1347,2877,6669,0,2
1347,1720,6670,0,2
1347,1720,6670,1,2
1349,2839,6666,0,2
1351,2879,6738,0,2
1351,2880,6739,0,2
1351,2881,6740,0,4
1351,2882,6741,0,2
1351,2882,6741,1,2
1351,2882,6741,2,2
1351,2882,6741,3,2
1351,2883,6742,0,3
1351,2884,6743,0,2
1351,2884,6743,1,2
1351,2885,6744,0,2
1351,2889,6748,0,2
1351,2889,6748,1,3
1351,2890,6749,0,2
1351,2891,6750,0,2
1351,428,6751,0,2
1351,428,6751,1,2
1351,428,6751,2,3
1351,428,6751,3,2
1351,428,6751,4,3
1351,544,6752,0,2
1351,544,6752,1,2
1351,544,6752,2,2
1351,544,6752,3,2
1351,433,6753,0,2
1351,2892,6754,0,3
1351,2893,6755,0,3
1351,2894,6756,0,3
1351,2895,6757,0,3
1351,2896,6758,0,3
1351,436,6759,0,2
1351,436,6759,1,2
1351,436,6759,2,2
1351,436,6759,3,2
1351,436,6759,4,2
1351,436,6759,5,3
1353,2871,6674,0,2
1353,2871,6674,1,3
1353,2871,6674,2,3
1353,2871,6674,3,3
1353,2871,6674,4,2
1354,2871,6671,0,2
1354,2871,6671,1,2
1355,2897,6677,0,2
1355,2897,6677,1,2
1355,2897,6677,2,2
1356,2898,6681,0,2
1357,2799,6684,0,2
1358,2899,6682,0,2
1361,2900,6696,0,2
1361,2900,6696,1,3
1362,2901,6694,0,2
1362,2901,6694,1,2
1363,2838,6691,0,2
1363,2838,6691,1,2
1363,2838,6691,2,2
1363,2838,6691,3,3
1363,2838,6691,4,2
1363,2838,6691,5,2
1363,2838,6691,6,2
1363,2838,6691,7,2
1363,2838,6691,8,2
1363,2838,6691,9,2
1363,2838,6691,10,2
1363,2838,6691,11,2
1364,2903,6698,0,2
1365,2876,6718,0,3
1365,2876,6718,1,2
1365,2876,6718,2,2
1365,2876,6718,3,3
1365,2876,6718,4,3
1365,2876,6718,5,2
1365,2876,6718,6,3
1366,2904,6706,0,2
1370,2907,6726,0,2
1370,2908,6727,0,2
1371,2909,6716,0,2
1375,2904,6730,0,3
1375,2904,6730,1,3
1376,2879,6731,0,2
1376,2879,6731,1,2
1376,2879,6731,2,3
1376,2879,6731,3,2
1376,2879,6731,4,2
1377,2911,6735,0,2
1377,2880,6736,0,2
1377,2880,6736,1,2
1377,2880,6736,2,2
1377,2880,6736,3,2
1377,2880,6736,4,3
1377,2880,6736,5,2
1378,2881,6732,0,2
1378,2881,6732,1,2
1379,2882,6733,0,3
1380,2890,6734,0,3
1380,2890,6734,1,2
1381,428,6762,0,2
1382,2912,6766,0,2
1383,2880,6764,0,2
1383,2880,6764,1,3
1384,2891,6763,0,2
1384,2891,6763,1,2
1384,2891,6763,2,2
1384,2891,6763,3,3
1385,2877,6780,0,2
1385,2877,6780,1,2
1385,2877,6780,2,2
1385,2877,6780,3,2
1385,2877,6780,4,2
1385,2877,6780,5,2
1385,2877,6780,6,2
1385,2877,6780,7,2
1385,2877,6780,8,2
1385,2877,6780,9,3
1385,2877,6780,10,2
1385,2877,6780,11,3
1385,2877,6780,12,3
1385,2877,6780,13,3
1385,2877,6780,14,3
1385,2877,6780,15,3
1385,2877,6780,16,3
1385,2877,6780,17,3
1385,2877,6780,18,2
1385,2915,6781,0,2
1386,2917,6770,0,2
1387,2919,6775,0,2
1389,2785,6788,0,2
1389,2785,6788,1,3
1389,2785,6788,2,3
1389,2785,6788,3,3
1389,2785,6788,4,3
1389,2785,6788,5,2
1389,2785,6788,6,3
1389,2785,6788,7,2
1389,2785,6788,8,3
1389,2785,6788,9,2
1389,2785,6788,10,2
1389,2785,6788,11,3
1389,2785,6788,12,3
1389,2785,6788,13,2
1389,2785,6788,14,3
1389,2785,6788,15,3
1389,2785,6788,16,2
1389,2785,6788,17,3
1389,2785,6788,18,3
1389,2785,6788,19,2
1389,2785,6788,20,3
1389,2785,6788,21,3
1389,2785,6788,22,2
1389,2785,6788,23,3
1389,2785,6788,24,3
1389,2785,6788,25,2
1392,2921,6782,0,2
1393,2912,6783,0,3
1393,2912,6783,1,3
1394,2879,6789,0,3
1394,2879,6789,1,3
1394,2879,6789,2,3
1394,2879,6789,3,2
1394,2879,6789,4,2
1394,2879,6789,5,3
1394,2880,6790,0,2
1394,2880,6790,1,3
1394,2880,6790,2,3
1394,2880,6790,3,2
1394,2890,6794,0,2
1394,2891,6795,0,2
1394,2891,6795,1,2
1394,2891,6795,2,2
1394,2891,6795,3,3
1394,2891,6795,4,3
1394,2891,6795,5,2
1394,2891,6795,6,2
1394,2891,6795,7,2
1396,1715,6797,0,2
1398,1715,6798,0,3
1401,2880,6805,0,2
1402,436,6806,0,2
1402,436,6806,1,2
1402,436,6806,2,2
1402,436,6806,3,2
1403,2924,6808,0,2
1403,2925,6809,0,2
1407,1716,7009,0,2
1407,1716,7009,1,2
1409,2877,7011,0,2
1409,2915,7012,0,2
1409,2915,7012,1,3
1409,2915,7012,2,3
1409,2915,7012,3,3
1409,2915,7012,4,3
1409,2915,7012,5,3
1409,2915,7012,6,3
1410,1723,7014,0,3
1410,1723,7014,1,2
1411,1715,7013,0,2
1415,2903,7084,0,3
1415,2909,7085,0,2
1415,3050,7086,0,3
1415,2800,7087,0,3
1415,2800,7087,1,2
1415,2800,7087,2,2
1415,3052,7088,0,2
1415,3053,7089,0,2
1415,3054,7090,0,2
1415,3055,7091,0,2
1415,3056,7092,0,2
1415,3057,7093,0,2
1415,3058,7094,0,2
1415,3059,7095,0,2
1415,3060,7096,0,2
1416,3067,7019,0,3
1417,2800,7022,0,3
1418,2907,7027,0,2
1418,2908,7028,0,2
1418,2789,7029,0,2
1418,2789,7029,1,2
1418,2789,7029,2,2
1418,2915,7030,0,2
1418,2865,7031,0,2
1418,3056,7032,0,2
1418,3056,7032,1,2
1418,3056,7032,2,2
1418,3056,7032,3,2
1418,3059,7033,0,2
1418,3059,7033,1,2
1424,2800,7036,0,2
1435,3075,7079,0,2
1435,3076,7080,0,2
1435,3076,7080,1,2
1435,3076,7080,2,2
1435,3076,7080,3,2
1435,3076,7080,4,2
1436,3078,7057,0,2
1437,2789,7071,0,2
1437,2789,7071,1,2
1437,2789,7071,2,2
1437,2789,7071,3,2
1437,2789,7071,4,3
1437,3080,7072,0,2
1438,3081,7102,0,2
1438,3082,7103,0,2
1438,3082,7103,1,2
1438,3082,7103,2,3
1438,3082,7103,3,2
1439,3083,7104,0,2
1439,3083,7104,1,2
1439,3083,7104,2,2
1440,2873,7113,0,2
1440,3084,7114,0,2
1440,3085,7115,0,2
1443,1714,7109,0,2
1443,1714,7109,1,2
1443,1714,7109,2,2
1443,1714,7109,3,2
1443,1714,7109,4,2
1444,1744,7107,0,2
1446,1720,7148,0,2
1446,1721,7149,0,2
1446,1721,7149,1,2
1446,1721,7149,2,3
1446,1721,7149,3,3
1446,1721,7149,4,2
1446,1721,7149,5,2
1446,1721,7149,6,2
1446,1721,7149,7,2
1446,1721,7149,8,3
1446,3087,7150,0,2
1446,3088,7151,0,2
1446,3089,7152,0,2
1453,1714,7130,0,2
1453,1714,7130,1,3
1453,1714,7130,2,3
1453,1714,7130,3,3
1458,3078,7145,0,2
1459,2865,7153,0,2
1459,2870,7154,0,2
1459,2870,7154,1,2
1460,1717,7155,0,2
1460,1717,7155,1,2
1461,3094,7156,0,3
1463,1717,7158,0,2
1464,2799,7159,0,3
1465,3095,7161,0,2
1465,3096,7162,0,2
1465,3096,7162,1,2
1465,3096,7162,2,2
1465,3096,7162,3,2
1465,3096,7162,4,3
1465,3096,7162,5,2
1465,3097,7164,0,2
1465,3097,7164,1,2
1465,3097,7164,2,2
1465,3097,7164,3,2
1465,3098,7165,0,2
1465,3098,7165,1,3
1465,3098,7165,2,2
1465,3099,7166,0,2
1465,3100,7167,0,2
1465,3100,7167,1,2
1467,3101,7173,0,2
1467,3102,7174,0,2
1467,3102,7174,1,2
1468,3101,7168,0,3
1470,3103,7177,0,2
1470,2845,7178,0,2
1470,2845,7178,1,2
1470,2845,7178,2,2
1470,2838,7179,0,2
1470,3104,7180,0,2
1470,3104,7180,1,2
1470,3104,7180,2,2
1470,3104,7180,3,2
1473,3113,7258,0,2
1473,3120,7259,0,2
1473,3121,7260,0,2
1473,3122,7261,0,2
1473,3123,7262,0,2
1473,3124,7263,0,2
1473,3130,7266,0,2
1473,3132,7267,0,2
1473,3133,7268,0,2
1473,3134,7269,0,2
1473,3135,7270,0,2
1473,3136,7271,0,2
1473,3137,7272,0,2
1473,3138,7273,0,2
1473,3139,7274,0,2
1473,3140,7275,0,2
1473,3141,7276,0,2
1473,3142,7277,0,2
1473,3143,7278,0,2
1473,3144,7279,0,2
1473,3145,7280,0,2
1473,3146,7281,0,2
1473,3147,7282,0,2
1473,3148,7283,0,2
1473,3150,7284,0,2
1473,3151,7285,0,2
1473,3152,7286,0,2
1473,3153,7287,0,2
1473,3154,7288,0,2
1473,3155,7289,0,2
1473,3157,7290,0,2
1473,3158,7291,0,2
1473,3159,7292,0,2
1473,3160,7293,0,2
1473,3161,7294,0,2
1473,3162,7295,0,2
1473,3163,7296,0,2
1473,3165,7297,0,2
1473,3167,7298,0,2
1473,3168,7299,0,2
1473,3169,7300,0,2
1473,3170,7301,0,2
1473,3171,7302,0,2
1473,3173,7303,0,2
1473,3174,7304,0,2
1473,3175,7305,0,2
1473,3177,7307,0,2
1473,3178,7308,0,2
1474,1743,7185,0,2
1474,1743,7185,1,2
1475,2919,7182,0,2
1475,2919,7182,1,2
1475,2919,7182,2,2
1476,1716,7200,0,2
1476,1716,7200,1,2
1476,1716,7200,2,2
1476,1716,7200,3,3
1476,1716,7200,4,2
1476,1716,7200,5,3
1476,1716,7200,6,2
1476,1716,7200,7,3
1476,1716,7200,8,2
1476,1716,7200,9,3
1476,1716,7200,10,3
1476,1716,7200,11,3
1477,1743,7189,0,2
1477,2818,7190,0,2
1477,1745,7191,0,2
1477,3181,7192,0,2
1477,2919,7193,0,2
1477,2813,7195,0,2
1478,2901,7186,0,2
1478,2901,7186,1,2
1478,2901,7186,2,2
1479,1716,7188,0,2
1479,1716,7188,1,3
1479,1716,7188,2,3
1479,1716,7188,3,2
1479,1716,7188,4,2
1480,1743,7196,0,2
1481,2799,7201,0,2
1482,1716,7197,0,2
1482,1716,7197,1,3
1483,3182,7203,0,2
1483,3182,7203,1,2
1483,3182,7203,2,2
1483,3182,7203,3,2
1483,3182,7203,4,2
1486,1720,7208,0,2
1486,3183,7209,0,2
1487,3184,7224,0,2
1487,3184,7224,1,3
1487,3120,7225,0,2
1487,3122,7226,0,2
1487,3123,7227,0,2
1487,3123,7227,1,2
1487,3123,7227,2,3
1487,3186,7229,0,3
1487,3187,7230,0,3
1487,3189,7232,0,3
1487,3190,7233,0,3
1487,3133,7234,0,2
1487,3133,7234,1,3
1487,3133,7234,2,3
1487,3133,7234,3,2
1487,3191,7235,0,3
1487,3192,7236,0,3
1487,3137,7237,0,2
1487,3141,7238,0,2
1487,3141,7238,1,2
1487,3145,7239,0,3
1487,3145,7239,1,3
1487,3143,7240,0,2
1487,3143,7240,1,2
1487,3143,7240,2,2
1487,3143,7240,3,3
1487,3143,7240,4,3
1487,3143,7240,5,3
1487,3143,7240,6,3
1487,3143,7240,7,3
1487,3143,7240,8,3
1487,3143,7240,9,3
1487,3143,7240,10,2
1487,3143,7240,11,2
1487,3143,7240,12,2
1487,3143,7240,13,2
1487,3143,7240,14,2
1487,3143,7240,15,2
1487,3154,7242,0,3
1487,3193,7243,0,2
1487,3193,7243,1,3
1487,3147,7244,0,2
1487,3148,7245,0,2
1487,3150,7246,0,3
1487,3150,7246,1,2
1487,3151,7247,0,2
1487,3153,7248,0,2
1487,3157,7249,0,3
1487,3158,7250,0,2
1487,3194,7251,0,3
1487,3195,7252,0,2
1487,3167,7253,0,2
1487,3167,7253,1,2
1487,3167,7253,2,2
1487,3167,7253,3,2
1487,3167,7253,4,2
1487,3171,7254,0,3
1487,3171,7254,1,3
1487,3171,7254,2,3
1487,3171,7254,3,3
1487,3174,7255,0,2
1487,3174,7255,1,3
1487,3174,7255,2,3
1487,3174,7255,3,3
1487,3175,7256,0,3
1487,3175,7256,1,2
1489,3194,7212,0,3
1489,3194,7212,1,3
1489,3195,7213,0,3
1489,3195,7213,1,2
1489,3195,7213,2,3
1489,3195,7213,3,2
1489,3195,7213,4,2
1489,3195,7213,5,3
1491,3094,7210,0,3
1494,2855,7217,0,2
1494,2855,7217,1,2
1494,2857,7218,0,2
1494,2857,7218,1,2
1494,2857,7218,2,2
1499,3122,7398,0,3
1499,3123,7399,0,2
1499,3123,7399,1,2
1499,3124,7400,0,2
1499,3189,7402,0,2
1499,3192,7403,0,2
1499,3143,7404,0,2
1499,3143,7404,1,2
1499,3143,7404,2,2
1499,3199,7405,0,2
1499,3194,7406,0,2
1499,3200,7407,0,2
1499,3201,7408,0,2
1499,3202,7409,0,3
1499,3195,7410,0,2
1499,3195,7410,1,3
1499,3195,7410,2,2
1499,3195,7410,3,2
1499,3195,7410,4,3
1499,3195,7410,5,3
