501,279,3296,0,2
501,279,3296,1,2
501,279,3296,2,2
502,14,3335,0,2
502,17,3336,0,2
502,28,3337,0,2
502,28,3337,1,2
502,28,3337,2,2
502,375,3338,0,2
502,375,3338,1,2
502,375,3338,2,3
502,375,3338,3,2
502,375,3338,4,3
502,375,3338,5,3
502,375,3338,6,2
502,375,3338,7,2
502,375,3338,8,3
502,375,3338,9,2
502,375,3338,10,3
502,375,3338,11,2
502,375,3338,12,2
502,115,3339,0,2
502,115,3339,1,2
502,115,3339,2,2
502,115,3339,3,2
502,116,3340,0,2
502,117,3341,0,2
502,117,3341,1,2
502,377,3342,0,2
502,223,3343,0,2
502,379,3344,0,2
502,45,3345,0,2
502,282,3346,0,2
502,122,3347,0,2
502,122,3347,1,2
502,122,3347,2,2
502,122,3347,3,3
502,122,3347,4,3
502,122,3347,5,2
502,122,3347,6,2
502,122,3347,7,2
502,122,3347,8,2
502,373,3348,0,2
502,373,3348,1,2
502,373,3348,2,2
502,547,3349,0,2
502,547,3349,1,2
502,548,3350,0,2
502,548,3350,1,2
502,548,3350,2,2
502,548,3350,3,2
502,59,3351,0,3
502,59,3351,1,3
502,59,3351,2,2
502,59,3351,3,2
502,59,3351,4,2
502,59,3351,5,2
502,59,3351,6,2
502,59,3351,7,2
502,59,3351,8,2
502,307,3352,0,2
502,550,3353,0,3
502,308,3354,0,2
502,308,3354,1,3
502,308,3354,2,2
502,308,3354,3,2
502,528,3355,0,2
502,65,3356,0,3
502,374,3357,0,2
502,374,3357,1,2
502,69,3358,0,2
502,69,3358,1,2
502,69,3358,2,3
502,69,3358,3,2
502,69,3358,4,2
502,69,3358,5,2
502,69,3358,6,2
502,172,3359,0,2
502,172,3359,1,2
502,74,3360,0,2
502,74,3360,1,2
502,74,3360,2,3
502,74,3360,3,3
502,74,3360,4,2
502,74,3360,5,2
502,225,3361,0,2
502,225,3361,1,2
502,225,3361,2,2
502,225,3361,3,2
502,225,3361,4,2
502,225,3361,5,2
502,225,3361,6,2
502,225,3361,7,2
502,309,3362,0,2
502,309,3362,1,2
502,309,3362,2,2
502,381,3363,0,2
502,382,3364,0,2
502,382,3364,1,2
502,382,3364,2,2
502,382,3364,3,2
502,382,3364,4,2
502,382,3364,5,2
502,82,3365,0,2
502,82,3365,1,2
502,146,3366,0,2
502,87,3367,0,2
502,87,3367,1,2
502,87,3367,2,2
502,87,3367,3,3
502,87,3367,4,2
502,87,3367,5,3
502,87,3367,6,2
502,87,3367,7,3
502,87,3367,8,2
502,559,3368,0,2
502,227,3369,0,2
502,227,3369,1,2
502,554,3370,0,2
502,554,3370,1,2
502,147,3371,0,2
502,148,3372,0,2
502,523,3373,0,3
502,527,3374,0,2
502,278,3375,0,2
502,278,3375,1,2
502,279,3376,0,2
502,279,3376,1,2
502,279,3376,2,2
502,188,3377,0,2
502,188,3377,1,2
502,188,3377,2,3
503,560,3313,0,2
503,561,3314,0,2
503,174,3315,0,2
503,174,3315,1,2
503,174,3315,2,2
503,174,3315,3,2
503,174,3315,4,2
503,174,3315,5,2
503,174,3315,6,3
503,174,3315,7,2
503,174,3315,8,3
503,174,3315,9,3
503,174,3315,10,3
503,174,3315,11,3
503,174,3315,12,3
503,174,3315,13,3
503,174,3315,14,3
503,174,3315,15,2
503,174,3315,16,2
503,174,3315,17,2
503,174,3315,18,2
503,174,3315,19,3
503,174,3315,20,2
503,174,3315,21,2
503,174,3315,22,3
503,174,3315,23,2
503,174,3315,24,3
504,560,3298,0,2
504,560,3298,1,2
504,560,3298,2,2
504,560,3298,3,3
504,560,3298,4,2
504,560,3298,5,2
504,560,3298,6,3
504,560,3298,7,2
504,560,3298,8,2
504,561,3299,0,2
505,560,3304,0,2
505,560,3304,1,2
505,560,3304,2,2
505,560,3304,3,2
505,560,3304,4,3
505,560,3304,5,3
505,560,3304,6,3
505,560,3304,7,2
505,560,3304,8,3
505,560,3304,9,3
505,560,3304,10,3
505,560,3304,11,2
505,560,3304,12,3
505,560,3304,13,3
505,560,3304,14,2
505,560,3304,15,3
505,560,3304,16,2
505,560,3304,17,3
505,562,3305,0,2
505,561,3306,0,2
505,561,3306,1,2
505,561,3306,2,3
505,561,3306,3,2
506,278,3300,0,2
506,278,3300,1,2
506,278,3300,2,2
506,279,3301,0,2
506,279,3301,1,2
506,279,3301,2,2
506,279,3301,3,2
506,188,3302,0,2
506,188,3302,1,2
506,188,3302,2,2
506,188,3302,3,2
506,188,3302,4,3
507,196,3303,0,2
507,196,3303,1,2
508,29,3307,0,2
509,14,3317,0,2
509,34,3318,0,2
509,34,3318,1,2
509,34,3318,2,3
509,34,3318,3,2
509,34,3318,4,3
509,34,3318,5,2
509,34,3318,6,2
509,117,3319,0,3
509,122,3320,0,2
509,548,3321,0,2
509,59,3322,0,2
509,59,3322,1,2
509,59,3322,2,4
509,59,3322,3,2
509,59,3322,4,2
509,68,3323,0,2
509,69,3324,0,2
509,150,3325,0,2
509,150,3325,1,2
509,172,3326,0,2
509,225,3327,0,2
509,84,3328,0,2
509,84,3328,1,2
509,84,3328,2,3
509,84,3328,3,3
509,84,3328,4,3
509,84,3328,5,3
509,84,3328,6,2
509,84,3328,7,3
509,84,3328,8,2
509,84,3328,9,2
509,87,3329,0,2
509,87,3329,1,2
509,87,3329,2,2
509,87,3329,3,2
509,147,3330,0,2
509,527,3331,0,3
509,278,3332,0,2
509,278,3332,1,2
509,279,3333,0,2
509,279,3333,1,2
509,188,3334,0,3
510,182,3308,0,2
510,182,3308,1,2
511,195,3309,0,2
512,196,3310,0,2
513,195,3311,0,2
514,197,3312,0,2
515,7,3378,0,2
515,7,3378,1,2
515,7,3378,2,2
515,7,3378,3,2
515,12,3379,0,2
515,13,3380,0,2
515,14,3381,0,2
515,14,3381,1,2
515,14,3381,2,2
515,375,3382,0,2
515,375,3382,1,2
515,376,3383,0,2
515,376,3383,1,2
515,115,3384,0,2
515,115,3384,1,3
515,544,3385,0,2
515,117,3386,0,2
515,298,3387,0,2
515,298,3387,1,2
515,298,3387,2,3
515,377,3388,0,2
515,385,3389,0,2
515,385,3389,1,3
515,300,3390,0,2
515,372,3391,0,2
515,45,3392,0,2
515,122,3393,0,2
515,373,3394,0,2
515,373,3394,1,2
515,547,3395,0,2
515,547,3395,1,2
515,547,3395,2,2
515,548,3396,0,2
515,548,3396,1,3
515,548,3396,2,2
515,548,3396,3,2
515,548,3396,4,2
515,56,3397,0,2
515,59,3398,0,2
515,59,3398,1,2
515,59,3398,2,2
515,59,3398,3,2
515,59,3398,4,3
515,59,3398,5,2
515,59,3398,6,2
515,59,3398,7,2
515,59,3398,8,3
515,59,3398,9,2
515,59,3398,10,3
515,59,3398,11,2
515,301,3399,0,2
515,69,3400,0,2
515,144,3401,0,2
515,145,3402,0,2
515,225,3403,0,2
515,225,3403,1,2
515,225,3403,2,2
515,225,3403,3,2
515,225,3403,4,3
515,225,3403,5,3
515,225,3403,6,2
515,225,3403,7,3
515,225,3403,8,2
515,225,3403,9,2
515,225,3403,10,2
515,381,3404,0,2
515,382,3405,0,2
515,382,3405,1,2
515,382,3405,2,2
515,87,3406,0,2
515,87,3406,1,3
515,87,3406,2,2
515,87,3406,3,3
515,87,3406,4,2
515,563,3407,0,2
515,147,3408,0,3
515,147,3408,1,2
515,147,3408,2,2
515,147,3408,3,2
515,147,3408,4,2
515,147,3408,5,3
515,147,3408,6,2
515,148,3409,0,2
515,188,3410,0,2
516,9,3316,0,3
517,197,3502,0,2
517,197,3502,1,2
518,195,3503,0,2
518,195,3503,1,2
518,195,3503,2,2
518,195,3503,3,2
519,188,3504,0,2
520,188,3505,0,2
521,564,3510,0,2
522,565,3508,0,2
523,566,3507,0,2
524,567,3511,0,2
525,277,3506,0,2
525,277,3506,1,3
526,196,3509,0,2
527,569,3523,0,2
527,570,3524,0,2
527,571,3525,0,2
527,572,3526,0,2
527,573,3527,0,2
527,574,3528,0,2
528,576,3515,0,2
528,577,3516,0,2
528,578,3517,0,2
528,579,3518,0,2
528,580,3519,0,2
529,582,3512,0,2
530,584,3513,0,2
530,585,3514,0,2
531,587,3520,0,2
531,588,3521,0,2
531,589,3522,0,2
532,591,3530,0,2
532,592,3531,0,2
532,593,3532,0,2
532,594,3533,0,2
533,596,3541,0,2
533,597,3542,0,2
533,598,3543,0,2
533,599,3544,0,2
533,600,3545,0,2
534,602,3534,0,2
534,603,3535,0,2
534,604,3536,0,2
534,605,3537,0,2
534,606,3538,0,2
534,607,3539,0,2
534,608,3540,0,2
535,609,3529,0,2
536,188,3546,0,2
537,369,3549,0,2
537,370,3550,0,2
537,195,3551,0,2
537,274,3552,0,2
537,535,3553,0,2
537,275,3554,0,3
537,276,3555,0,3
537,277,3556,0,3
537,196,3557,0,2
537,278,3558,0,2
537,279,3559,0,2
537,197,3560,0,2
537,361,3561,0,2
538,188,3547,0,2
538,593,3548,0,2
539,612,3779,0,2
539,613,3780,0,2
539,614,3781,0,2
539,615,3782,0,2
539,616,3783,0,2
539,617,3784,0,2
539,618,3785,0,2
539,619,3786,0,2
539,620,3787,0,2
539,621,3788,0,2
539,622,3789,0,2
539,623,3790,0,2
539,624,3791,0,2
539,625,3792,0,2
539,626,3793,0,2
539,627,3794,0,2
539,628,3795,0,2
539,629,3796,0,2
539,630,3797,0,2
539,631,3798,0,2
539,632,3799,0,2
539,633,3800,0,2
539,634,3801,0,2
539,635,3802,0,2
539,636,3803,0,2
539,637,3804,0,2
539,638,3805,0,2
539,639,3806,0,2
539,640,3807,0,2
539,641,3808,0,2
539,642,3809,0,2
539,643,3810,0,2
539,644,3811,0,2
539,645,3812,0,2
539,646,3813,0,2
539,647,3814,0,2
539,648,3815,0,2
539,649,3816,0,2
539,650,3817,0,2
539,651,3818,0,2
539,652,3819,0,2
539,653,3820,0,2
539,654,3821,0,2
539,655,3822,0,2
539,656,3823,0,2
539,657,3824,0,2
539,658,3825,0,2
539,659,3826,0,2
539,660,3827,0,2
539,661,3828,0,2
539,9,3829,0,3
539,9,3829,1,2
539,9,3829,2,3
539,9,3829,3,2
539,9,3829,4,2
539,9,3829,5,2
539,11,3830,0,2
539,11,3830,1,2
539,11,3830,2,2
539,14,3831,0,2
539,14,3831,1,2
539,16,3832,0,2
539,236,3833,0,2
539,236,3833,1,2
539,236,3833,2,2
539,236,3833,3,2
539,19,3834,0,3
539,19,3834,1,2
539,22,3835,0,2
539,22,3835,1,2
539,22,3835,2,3
539,22,3835,3,2
539,190,3836,0,2
539,24,3837,0,2
539,24,3837,1,3
539,24,3837,2,2
539,28,3838,0,2
539,28,3838,1,2
539,29,3839,0,2
539,31,3840,0,2
539,31,3840,1,2
539,31,3840,2,3
539,31,3840,3,3
539,31,3840,4,2
539,31,3840,5,2
539,31,3840,6,2
539,31,3840,7,2
539,31,3840,8,2
539,31,3840,9,2
539,33,3841,0,2
539,33,3841,1,2
539,663,3842,0,2
539,664,3843,0,2
539,665,3844,0,2
539,666,3845,0,2
539,667,3846,0,2
539,667,3846,1,3
539,668,3847,0,2
539,668,3847,1,3
539,375,3848,0,2
539,375,3848,1,3
539,375,3848,2,3
539,375,3848,3,2
539,375,3848,4,2
539,375,3848,5,3
539,375,3848,6,3
539,375,3848,7,2
539,375,3848,8,2
539,375,3848,9,2
539,375,3848,10,2
539,375,3848,11,2
539,248,3849,0,2
539,248,3849,1,2
539,116,3850,0,2
539,116,3850,1,2
539,142,3851,0,3
539,142,3851,1,2
539,142,3851,2,2
539,142,3851,3,3
539,142,3851,4,2
539,142,3851,5,2
539,142,3851,6,3
539,142,3851,7,2
539,142,3851,8,3
539,142,3851,9,2
539,142,3851,10,2
539,142,3851,11,3
539,142,3851,12,2
539,142,3851,13,2
539,142,3851,14,2
539,669,3852,0,2
539,221,3853,0,2
539,223,3854,0,2
539,223,3854,1,2
539,223,3854,2,2
539,46,3855,0,3
539,50,3856,0,2
539,50,3856,1,3
539,50,3856,2,3
539,50,3856,3,3
539,50,3856,4,3
539,50,3856,5,3
539,50,3856,6,3
539,50,3856,7,3
539,50,3856,8,3
539,50,3856,9,3
539,50,3856,10,3
539,50,3856,11,3
539,50,3856,12,2
539,50,3856,13,3
539,50,3856,14,2
539,51,3857,0,2
539,51,3857,1,3
539,51,3857,2,2
539,51,3857,3,2
539,122,3858,0,2
539,122,3858,1,2
539,122,3858,2,2
539,122,3858,3,2
539,122,3858,4,2
539,122,3858,5,2
539,122,3858,6,3
539,122,3858,7,3
539,122,3858,8,2
539,122,3858,9,2
539,122,3858,10,2
539,122,3858,11,2
539,547,3859,0,2
539,548,3860,0,2
539,548,3860,1,2
539,548,3860,2,2
539,548,3860,3,2
539,548,3860,4,2
539,548,3860,5,2
539,548,3860,6,2
539,56,3861,0,2
539,56,3861,1,2
539,56,3861,2,2
539,56,3861,3,2
539,56,3861,4,2
539,57,3862,0,3
539,58,3863,0,3
539,59,3864,0,2
539,59,3864,1,2
539,59,3864,2,4
539,59,3864,3,2
539,59,3864,4,2
539,59,3864,5,2
539,59,3864,6,3
539,59,3864,7,2
539,59,3864,8,2
539,59,3864,9,2
539,59,3864,10,2
539,59,3864,11,2
539,59,3864,12,2
539,59,3864,13,3
539,59,3864,14,2
539,59,3864,15,3
539,59,3864,16,2
539,59,3864,17,2
539,59,3864,18,3
539,61,3865,0,2
539,61,3865,1,3
539,61,3865,2,3
539,61,3865,3,2
539,283,3866,0,2
539,301,3867,0,3
539,301,3867,1,2
539,301,3867,2,3
539,301,3867,3,2
539,301,3867,4,2
539,66,3868,0,2
539,66,3868,1,2
539,67,3869,0,2
539,68,3870,0,2
539,69,3871,0,2
539,69,3871,1,2
539,69,3871,2,2
539,69,3871,3,2
539,69,3871,4,2
539,69,3871,5,2
539,69,3871,6,2
539,69,3871,7,2
539,72,3872,0,2
539,149,3873,0,2
539,149,3873,1,3
539,149,3873,2,3
539,149,3873,3,3
539,149,3873,4,3
539,149,3873,5,2
539,149,3873,6,2
539,149,3873,7,2
539,149,3873,8,2
539,149,3873,9,2
539,149,3873,10,3
539,149,3873,11,2
539,149,3873,12,2
539,149,3873,13,2
539,149,3873,14,2
539,149,3873,15,2
539,149,3873,16,2
539,149,3873,17,2
539,149,3873,18,2
539,149,3873,19,3
539,149,3873,20,2
539,149,3873,21,2
539,149,3873,22,2
539,149,3873,23,2
539,670,3874,0,2
539,150,3875,0,2
539,150,3875,1,3
539,150,3875,2,3
539,150,3875,3,3
539,150,3875,4,2
539,150,3875,5,3
539,150,3875,6,3
539,150,3875,7,3
539,150,3875,8,3
539,150,3875,9,3
539,172,3876,0,2
539,172,3876,1,3
539,172,3876,2,3
539,172,3876,3,3
539,172,3876,4,2
539,172,3876,5,2
539,172,3876,6,2
539,172,3876,7,2
539,172,3876,8,2
539,172,3876,9,3
539,172,3876,10,3
539,172,3876,11,2
539,172,3876,12,4
539,225,3877,0,2
539,225,3877,1,2
539,225,3877,2,3
539,225,3877,3,2
539,225,3877,4,3
539,225,3877,5,3
539,225,3877,6,2
539,225,3877,7,2
539,225,3877,8,2
539,225,3877,9,2
539,225,3877,10,2
539,225,3877,11,3
539,225,3877,12,2
539,225,3877,13,3
539,225,3877,14,2
539,225,3877,15,2
539,225,3877,16,2
539,225,3877,17,3
539,225,3877,18,2
539,226,3878,0,3
539,671,3879,0,2
539,284,3880,0,3
539,284,3880,1,3
539,284,3880,2,3
539,672,3881,0,2
539,381,3882,0,2
539,381,3882,1,3
539,381,3882,2,2
539,381,3882,3,2
539,381,3882,4,2
539,381,3882,5,3
539,381,3882,6,2
539,381,3882,7,2
539,382,3883,0,2
539,382,3883,1,2
539,382,3883,2,2
539,382,3883,3,2
539,82,3884,0,2
539,83,3885,0,2
539,83,3885,1,2
539,83,3885,2,2
539,84,3886,0,3
539,84,3886,1,2
539,84,3886,2,2
539,84,3886,3,2
539,87,3887,0,2
539,87,3887,1,2
539,87,3887,2,2
539,87,3887,3,2
539,87,3887,4,2
539,87,3887,5,2
539,87,3887,6,3
539,87,3887,7,3
539,87,3887,8,3
539,87,3887,9,2
539,87,3887,10,2
539,87,3887,11,2
539,87,3887,12,3
539,87,3887,13,2
539,87,3887,14,2
539,87,3887,15,2
539,87,3887,16,2
539,87,3887,17,3
539,87,3887,18,2
539,87,3887,19,3
539,87,3887,20,3
539,673,3888,0,2
539,673,3888,1,2
539,673,3888,2,2
539,673,3888,3,3
539,557,3889,0,2
539,557,3889,1,2
539,557,3889,2,3
539,557,3889,3,2
539,557,3889,4,3
539,557,3889,5,2
539,557,3889,6,3
539,557,3889,7,3
539,557,3889,8,2
539,557,3889,9,2
539,557,3889,10,2
539,557,3889,11,2
539,557,3889,12,2
539,557,3889,13,3
539,557,3889,14,2
539,557,3889,15,2
539,557,3889,16,2
539,557,3889,17,2
539,384,3890,0,2
539,384,3890,1,3
539,384,3890,2,3
539,384,3890,3,2
539,384,3890,4,2
539,384,3890,5,2
539,384,3890,6,2
539,384,3890,7,2
539,147,3891,0,2
539,147,3891,1,2
539,211,3892,0,2
539,674,3893,0,2
539,527,3894,0,2
539,527,3894,1,2
539,274,3895,0,2
539,275,3896,0,2
539,276,3897,0,2
539,277,3898,0,2
539,278,3899,0,2
539,279,3900,0,2
539,188,3901,0,2
539,570,3902,0,2
539,570,3902,1,2
539,570,3902,2,2
539,573,3903,0,2
539,573,3903,1,2
539,573,3903,2,2
539,587,3904,0,2
539,587,3904,1,2
539,587,3904,2,2
539,589,3905,0,2
539,589,3905,1,2
539,589,3905,2,2
539,592,3906,0,2
539,592,3906,1,2
539,593,3907,0,2
539,594,3908,0,2
539,594,3908,1,2
539,598,3909,0,2
539,598,3909,1,2
539,598,3909,2,2
539,599,3910,0,2
539,599,3910,1,2
539,599,3910,2,2
539,599,3910,3,2
539,599,3910,4,2
539,600,3911,0,2
539,600,3911,1,2
539,600,3911,2,2
539,600,3911,3,2
539,607,3912,0,2
539,607,3912,1,2
539,608,3913,0,2
539,608,3913,1,2
539,608,3913,2,2
541,11,3748,0,2
541,14,3749,0,2
541,14,3749,1,2
541,31,3750,0,2
541,31,3750,1,2
541,375,3751,0,2
541,375,3751,1,2
541,375,3751,2,2
541,272,3752,0,3
541,272,3752,1,2
541,272,3752,2,2
541,272,3752,3,3
541,272,3752,4,3
541,272,3752,5,2
541,272,3752,6,2
541,272,3752,7,2
541,272,3752,8,3
541,272,3752,9,3
541,272,3752,10,3
541,272,3752,11,2
541,272,3752,12,2
541,272,3752,13,2
541,272,3752,14,2
541,272,3752,15,2
541,115,3753,0,2
541,544,3754,0,3
541,544,3754,1,2
541,544,3754,2,2
541,544,3754,3,2
541,544,3754,4,3
541,544,3754,5,3
541,544,3754,6,3
541,544,3754,7,3
541,544,3754,8,2
541,544,3754,9,2
541,544,3754,10,2
541,544,3754,11,2
541,544,3754,12,2
541,544,3754,13,2
541,544,3754,14,3
541,544,3754,15,2
541,544,3754,16,3
541,544,3754,17,2
541,544,3754,18,2
541,675,3755,0,2
541,142,3756,0,2
541,45,3757,0,3
541,45,3757,1,2
541,45,3757,2,2
541,45,3757,3,3
541,50,3758,0,2
541,547,3759,0,2
541,56,3760,0,3
541,56,3760,1,2
541,59,3761,0,3
541,59,3761,1,3
541,59,3761,2,2
541,59,3761,3,2
541,356,3762,0,2
541,356,3762,1,2
541,356,3762,2,2
541,356,3762,3,2
541,550,3763,0,2
541,283,3764,0,2
541,283,3764,1,2
541,283,3764,2,2
541,283,3764,3,2
541,301,3765,0,2
541,301,3765,1,2
541,301,3765,2,2
541,670,3766,0,2
541,670,3766,1,2
541,670,3766,2,2
541,670,3766,3,3
541,670,3766,4,2
541,670,3766,5,2
541,670,3766,6,3
541,225,3767,0,2
541,671,3768,0,3
541,671,3768,1,2
541,671,3768,2,3
541,671,3768,3,3
541,284,3769,0,2
541,672,3770,0,2
541,672,3770,1,3
541,672,3770,2,2
541,672,3770,3,2
541,672,3770,4,2
541,672,3770,5,2
541,381,3771,0,2
541,381,3771,1,2
541,381,3771,2,3
541,381,3771,3,3
541,381,3771,4,4
541,381,3771,5,2
541,381,3771,6,2
541,381,3771,7,2
541,381,3771,8,3
541,381,3771,9,2
541,381,3771,10,3
541,382,3772,0,2
541,382,3772,1,2
541,382,3772,2,2
541,382,3772,3,2
541,382,3772,4,3
541,382,3772,5,3
541,382,3772,6,3
541,382,3772,7,3
541,382,3772,8,2
541,83,3773,0,2
541,84,3774,0,2
541,87,3775,0,2
541,87,3775,1,2
541,384,3776,0,2
541,384,3776,1,2
541,211,3777,0,3
541,572,3778,0,2
542,9,3563,0,3
542,301,3564,0,2
542,670,3565,0,2
542,670,3565,1,3
542,564,3566,0,2
542,566,3567,0,2
542,565,3568,0,2
542,274,3569,0,2
542,275,3570,0,2
542,276,3571,0,2
542,567,3572,0,2
542,277,3573,0,2
542,278,3574,0,2
542,279,3575,0,2
542,188,3576,0,2
542,609,3577,0,2
542,569,3578,0,2
542,570,3579,0,2
542,571,3580,0,2
542,572,3581,0,2
542,573,3582,0,2
542,574,3583,0,2
542,576,3584,0,2
542,577,3585,0,2
542,578,3586,0,2
542,579,3587,0,2
542,580,3588,0,2
542,582,3589,0,2
542,584,3590,0,2
542,585,3591,0,2
542,587,3592,0,2
542,588,3593,0,2
542,589,3594,0,2
542,591,3595,0,2
542,592,3596,0,2
542,593,3597,0,2
542,594,3598,0,2
542,596,3599,0,2
542,597,3600,0,2
542,598,3601,0,2
542,599,3602,0,2
542,600,3603,0,2
542,602,3604,0,2
542,603,3605,0,2
542,604,3606,0,2
542,605,3607,0,2
542,606,3608,0,2
542,607,3609,0,2
542,607,3609,1,2
542,608,3610,0,2
543,14,3562,0,2
545,593,3611,0,2
546,584,3612,0,2
546,584,3612,1,2
547,676,3613,0,2
548,14,3692,0,2
548,208,3693,0,2
548,208,3693,1,3
548,375,3694,0,2
548,363,3695,0,3
548,363,3695,1,2
548,378,3696,0,2
548,378,3696,1,2
548,45,3697,0,3
548,45,3697,1,2
548,51,3698,0,2
548,51,3698,1,2
548,51,3698,2,2
548,51,3698,3,2
548,51,3698,4,3
548,51,3698,5,2
548,51,3698,6,3
548,51,3698,7,2
548,51,3698,8,2
548,51,3698,9,2
548,51,3698,10,2
548,51,3698,11,2
548,59,3699,0,2
548,59,3699,1,3
548,59,3699,2,2
548,677,3700,0,2
548,550,3701,0,2
548,550,3701,1,2
548,550,3701,2,3
548,283,3702,0,4
548,143,3703,0,2
548,143,3703,1,2
548,143,3703,2,2
548,551,3704,0,2
548,670,3705,0,2
548,670,3705,1,2
548,670,3705,2,2
548,225,3706,0,2
548,225,3706,1,2
548,671,3707,0,2
548,671,3707,1,2
548,672,3708,0,2
548,672,3708,1,2
548,672,3708,2,3
548,672,3708,3,2
548,672,3708,4,2
548,672,3708,5,2
548,672,3708,6,3
548,672,3708,7,2
548,672,3708,8,3
548,672,3708,9,3
548,672,3708,10,3
548,672,3708,11,2
548,381,3709,0,2
548,381,3709,1,3
548,381,3709,2,2
548,381,3709,3,2
548,381,3709,4,2
548,382,3710,0,2
548,382,3710,1,2
548,382,3710,2,3
548,382,3710,3,2
548,82,3711,0,2
548,82,3711,1,2
548,82,3711,2,2
548,82,3711,3,3
548,82,3711,4,2
548,82,3711,5,3
548,82,3711,6,2
548,82,3711,7,2
548,227,3712,0,3
548,227,3712,1,3
548,227,3712,2,3
548,554,3713,0,3
548,554,3713,1,3
548,554,3713,2,2
548,274,3714,0,2
548,275,3715,0,2
548,276,3716,0,2
548,567,3717,0,2
548,277,3718,0,2
548,278,3719,0,2
548,279,3720,0,2
548,571,3721,0,2
548,572,3722,0,2
548,573,3723,0,2
548,574,3724,0,2
548,576,3725,0,2
548,577,3726,0,2
548,578,3727,0,2
548,579,3728,0,2
548,580,3729,0,2
548,582,3730,0,2
548,585,3731,0,2
548,587,3732,0,2
548,588,3733,0,2
548,589,3734,0,2
548,591,3735,0,2
548,592,3736,0,2
548,596,3737,0,2
548,597,3738,0,2
548,598,3739,0,2
548,599,3740,0,2
548,600,3741,0,2
548,602,3742,0,2
548,603,3743,0,2
548,604,3744,0,2
548,605,3745,0,2
548,606,3746,0,2
548,608,3747,0,2
549,14,3617,0,2
550,598,3618,0,2
550,598,3618,1,2
552,14,3660,0,2
552,375,3661,0,2
552,115,3662,0,2
552,115,3662,1,2
552,115,3662,2,2
552,115,3662,3,2
552,115,3662,4,2
552,117,3663,0,2
552,229,3664,0,2
552,377,3665,0,2
552,122,3666,0,2
552,122,3666,1,2
552,122,3666,2,2
552,122,3666,3,3
552,122,3666,4,2
552,122,3666,5,2
552,59,3667,0,3
552,59,3667,1,2
552,59,3667,2,3
552,68,3668,0,2
552,69,3669,0,2
552,670,3670,0,2
552,670,3670,1,2
552,670,3670,2,2
552,670,3670,3,2
552,670,3670,4,2
552,172,3671,0,3
552,172,3671,1,3
552,685,3672,0,2
552,225,3673,0,2
552,225,3673,1,3
552,225,3673,2,2
552,284,3674,0,2
552,672,3675,0,2
552,672,3675,1,2
552,672,3675,2,2
552,233,3676,0,2
552,381,3677,0,2
552,382,3678,0,2
552,365,3679,0,2
552,384,3680,0,3
552,384,3680,1,2
552,147,3681,0,2
552,147,3681,1,2
552,147,3681,2,3
552,147,3681,3,2
552,211,3682,0,2
552,148,3683,0,2
552,148,3683,1,2
552,148,3683,2,2
552,148,3683,3,2
553,14,3630,0,2
554,663,3631,0,2
554,665,3632,0,2
554,667,3633,0,2
554,375,3634,0,2
554,246,3635,0,2
554,363,3636,0,2
554,51,3637,0,2
554,547,3638,0,2
554,677,3639,0,2
554,283,3640,0,2
554,65,3641,0,2
554,670,3642,0,3
554,150,3643,0,2
554,74,3644,0,2
554,671,3645,0,2
554,672,3646,0,3
554,381,3647,0,3
554,381,3647,1,2
554,382,3648,0,2
554,673,3649,0,2
554,674,3650,0,2
554,580,3651,0,2
554,608,3652,0,2
554,676,3653,0,3
557,676,3657,0,2
558,676,3658,0,2
558,676,3658,1,3
558,676,3658,2,2
560,676,3687,0,3
560,676,3687,1,2
560,676,3687,2,2
561,593,3684,0,2
562,676,3688,0,3
562,676,3688,1,3
562,676,3688,2,3
562,676,3688,3,2
564,50,3917,0,2
564,50,3917,1,2
566,14,3963,0,2
566,17,3964,0,2
566,375,3965,0,3
566,375,3965,1,2
566,375,3965,2,2
566,375,3965,3,3
566,375,3965,4,2
566,375,3965,5,2
566,375,3965,6,2
566,375,3965,7,2
566,375,3965,8,2
566,375,3965,9,2
566,375,3965,10,2
566,375,3965,11,2
566,375,3965,12,3
566,375,3965,13,2
566,375,3965,14,2
566,375,3965,15,2
566,375,3965,16,2
566,375,3965,17,2
566,375,3965,18,2
566,375,3965,19,3
566,375,3965,20,2
566,375,3965,21,3
566,375,3965,22,2
566,375,3965,23,2
566,375,3965,24,3
566,375,3965,25,3
566,375,3965,26,2
566,375,3965,27,2
566,375,3965,28,2
566,375,3965,29,2
566,375,3965,30,3
566,375,3965,31,2
566,686,3966,0,2
566,686,3966,1,3
566,245,3967,0,2
566,142,3968,0,2
566,142,3968,1,2
566,46,3969,0,2
566,373,3970,0,2
566,373,3970,1,2
566,373,3970,2,2
566,548,3971,0,2
566,548,3971,1,2
566,283,3972,0,2
566,283,3972,1,3
566,70,3973,0,2
566,72,3974,0,2
566,72,3974,1,2
566,670,3975,0,2
566,670,3975,1,3
566,670,3975,2,3
566,150,3976,0,2
566,150,3976,1,3
566,172,3977,0,2
566,172,3977,1,2
566,172,3977,2,2
566,172,3977,3,2
566,212,3978,0,2
566,225,3979,0,2
566,225,3979,1,2
566,225,3979,2,2
566,225,3979,3,2
566,225,3979,4,3
566,225,3979,5,2
566,225,3979,6,2
566,672,3980,0,2
566,672,3980,1,3
566,672,3980,2,3
566,672,3980,3,3
566,672,3980,4,3
566,672,3980,5,2
566,672,3980,6,2
566,672,3980,7,2
566,381,3981,0,2
566,381,3981,1,2
566,381,3981,2,2
566,381,3981,3,2
566,381,3981,4,3
566,381,3981,5,2
566,381,3981,6,3
566,381,3981,7,2
566,381,3981,8,2
566,382,3982,0,2
566,382,3982,1,3
566,382,3982,2,2
566,382,3982,3,2
566,382,3982,4,3
566,382,3982,5,2
566,382,3982,6,3
566,382,3982,7,2
566,382,3982,8,2
566,382,3982,9,2
566,382,3982,10,3
566,382,3982,11,3
566,382,3982,12,2
566,382,3982,13,3
566,382,3982,14,2
566,382,3982,15,3
566,382,3982,16,2
566,382,3982,17,2
566,82,3983,0,2
566,87,3984,0,2
566,87,3984,1,2
566,87,3984,2,2
566,87,3984,3,2
566,87,3984,4,3
566,87,3984,5,3
566,87,3984,6,3
566,87,3984,7,2
566,87,3984,8,2
566,87,3984,9,3
566,87,3984,10,2
566,87,3984,11,3
566,87,3984,12,2
566,87,3984,13,2
566,87,3984,14,3
566,87,3984,15,2
566,87,3984,16,2
566,87,3984,17,3
566,87,3984,18,2
566,87,3984,19,2
566,87,3984,20,2
566,87,3984,21,2
566,87,3984,22,3
566,87,3984,23,3
566,87,3984,24,2
566,87,3984,25,2
566,87,3984,26,3
566,87,3984,27,2
566,87,3984,28,2
566,87,3984,29,2
566,87,3984,30,2
566,87,3984,31,2
566,384,3985,0,2
567,14,3921,0,2
568,612,3986,0,2
568,612,3986,1,3
568,612,3986,2,3
568,618,3987,0,2
568,619,3988,0,2
568,7,3989,0,2
568,8,3990,0,2
568,9,3991,0,2
568,9,3991,1,2
568,9,3991,2,2
568,9,3991,3,2
568,9,3991,4,2
568,9,3991,5,2
568,9,3991,6,2
568,9,3991,7,2
568,9,3991,8,2
568,9,3991,9,2
568,9,3991,10,2
568,9,3991,11,2
568,9,3991,12,2
568,9,3991,13,3
568,10,3992,0,2
568,11,3993,0,2
568,12,3994,0,2
568,12,3994,1,2
568,12,3994,2,2
568,13,3995,0,2
568,13,3995,1,2
568,13,3995,2,2
568,13,3995,3,2
568,13,3995,4,2
568,13,3995,5,2
568,13,3995,6,2
568,13,3995,7,2
568,13,3995,8,2
568,13,3995,9,2
568,15,3996,0,2
568,15,3996,1,2
568,15,3996,2,2
568,15,3996,3,2
568,15,3996,4,2
568,15,3996,5,2
568,15,3996,6,2
568,114,3997,0,2
568,185,3998,0,2
568,236,3999,0,3
568,236,3999,1,2
568,236,3999,2,2
568,236,3999,3,2
568,17,4000,0,2
568,273,4001,0,2
568,273,4001,1,2
568,273,4001,2,2
568,273,4001,3,2
568,273,4001,4,2
568,273,4001,5,2
568,273,4001,6,2
568,273,4001,7,2
568,273,4001,8,2
568,273,4001,9,2
568,273,4001,10,2
568,273,4001,11,2
568,273,4001,12,2
568,273,4001,13,2
568,273,4001,14,2
568,273,4001,15,2
568,19,4002,0,2
568,19,4002,1,2
568,19,4002,2,2
568,19,4002,3,2
568,19,4002,4,2
568,19,4002,5,2
568,106,4003,0,2
568,537,4004,0,2
568,22,4005,0,3
568,22,4005,1,2
568,22,4005,2,2
568,22,4005,3,2
568,22,4005,4,2
568,22,4005,5,2
568,22,4005,6,2
568,22,4005,7,2
568,22,4005,8,2
568,22,4005,9,2
568,22,4005,10,2
568,22,4005,11,2
568,22,4005,12,3
568,22,4005,13,2
568,22,4005,14,2
568,22,4005,15,3
568,22,4005,16,2
568,22,4005,17,2
568,198,4006,0,2
568,23,4007,0,2
568,23,4007,1,2
568,23,4007,2,2
568,23,4007,3,2
568,23,4007,4,2
568,23,4007,5,2
568,23,4007,6,2
568,23,4007,7,2
568,23,4007,8,2
568,24,4008,0,2
568,24,4008,1,2
568,24,4008,2,2
568,24,4008,3,2
568,24,4008,4,2
568,26,4009,0,2
568,28,4010,0,2
568,28,4010,1,2
568,29,4011,0,2
568,31,4012,0,2
568,31,4012,1,3
568,31,4012,2,2
568,31,4012,3,3
568,31,4012,4,2
568,538,4013,0,2
568,538,4013,1,2
568,538,4013,2,2
568,538,4013,3,2
568,538,4013,4,2
568,538,4013,5,3
568,32,4014,0,2
568,32,4014,1,2
568,33,4015,0,2
568,33,4015,1,2
568,33,4015,2,2
568,33,4015,3,2
568,33,4015,4,2
568,33,4015,5,2
568,33,4015,6,2
568,33,4015,7,2
568,34,4016,0,2
568,34,4016,1,2
568,34,4016,2,2
568,34,4016,3,2
568,34,4016,4,2
568,34,4016,5,2
568,34,4016,6,2
568,34,4016,7,2
568,34,4016,8,2
568,34,4016,9,2
568,34,4016,10,2
568,34,4016,11,2
568,34,4016,12,2
568,34,4016,13,2
568,34,4016,14,2
568,34,4016,15,2
568,34,4016,16,2
568,34,4016,17,2
568,34,4016,18,2
568,34,4016,19,2
568,34,4016,20,2
568,34,4016,21,2
568,34,4016,22,2
568,34,4016,23,2
568,34,4016,24,2
568,34,4016,25,2
568,35,4017,0,2
568,539,4018,0,2
568,539,4018,1,2
568,539,4018,2,2
568,540,4019,0,2
568,540,4019,1,2
568,183,4020,0,2
568,183,4020,1,2
568,183,4020,2,2
568,183,4020,3,2
568,183,4020,4,2
568,183,4020,5,2
568,183,4020,6,2
568,183,4020,7,2
568,180,4021,0,2
568,181,4022,0,2
568,181,4022,1,2
568,181,4022,2,2
568,181,4022,3,2
568,181,4022,4,2
568,181,4022,5,2
568,181,4022,6,2
568,39,4023,0,2
568,39,4023,1,2
568,39,4023,2,2
568,39,4023,3,2
568,39,4023,4,2
568,39,4023,5,2
568,182,4024,0,2
568,182,4024,1,2
568,182,4024,2,2
568,115,4025,0,2
568,544,4026,0,3
568,669,4027,0,2
568,669,4027,1,2
568,51,4028,0,2
568,51,4028,1,2
568,51,4028,2,3
568,51,4028,3,2
568,59,4029,0,2
568,59,4029,1,2
568,59,4029,2,2
568,59,4029,3,2
568,59,4029,4,2
568,59,4029,5,2
568,59,4029,6,2
568,59,4029,7,2
568,59,4029,8,2
568,59,4029,9,2
568,301,4030,0,2
568,301,4030,1,3
568,670,4031,0,2
568,670,4031,1,2
568,670,4031,2,2
568,670,4031,3,2
568,670,4031,4,2
568,670,4031,5,2
568,670,4031,6,3
568,670,4031,7,3
568,670,4031,8,3
568,670,4031,9,2
568,670,4031,10,2
568,670,4031,11,3
568,381,4032,0,2
568,82,4033,0,2
568,87,4034,0,2
568,87,4034,1,3
568,554,4035,0,2
568,554,4035,1,2
568,147,4036,0,2
568,148,4037,0,2
568,674,4038,0,2
568,523,4039,0,2
568,524,4040,0,2
568,525,4041,0,2
568,558,4042,0,2
568,369,4043,0,2
568,369,4043,1,3
568,369,4043,2,2
568,369,4043,3,2
568,369,4043,4,2
568,369,4043,5,2
568,369,4043,6,2
568,369,4043,7,2
568,369,4043,8,2
568,369,4043,9,2
568,369,4043,10,2
568,370,4044,0,2
568,370,4044,1,2
568,370,4044,2,2
568,195,4045,0,2
568,195,4045,1,2
568,195,4045,2,2
568,195,4045,3,3
568,566,4046,0,2
568,566,4046,1,2
568,274,4047,0,3
568,275,4048,0,2
568,275,4048,1,3
568,276,4049,0,3
568,276,4049,1,2
568,567,4050,0,2
568,277,4051,0,2
568,277,4051,1,2
568,277,4051,2,2
568,196,4052,0,3
568,196,4052,1,3
568,196,4052,2,2
568,196,4052,3,2
568,278,4053,0,2
568,278,4053,1,2
568,278,4053,2,2
568,278,4053,3,2
568,279,4054,0,2
568,279,4054,1,2
568,279,4054,2,2
568,279,4054,3,2
568,279,4054,4,3
568,197,4055,0,2
568,197,4055,1,2
568,361,4056,0,2
568,361,4056,1,2
568,361,4056,2,2
568,361,4056,3,2
568,361,4056,4,2
568,361,4056,5,2
568,361,4056,6,2
568,361,4056,7,2
568,361,4056,8,2
568,188,4057,0,2
568,188,4057,1,2
568,188,4057,2,2
568,188,4057,3,2
568,188,4057,4,2
568,188,4057,5,2
568,188,4057,6,2
568,188,4057,7,2
568,188,4057,8,2
568,188,4057,9,2
568,188,4057,10,2
568,188,4057,11,2
568,188,4057,12,2
568,188,4057,13,2
568,188,4057,14,2
568,188,4057,15,2
568,188,4057,16,2
568,188,4057,17,2
568,188,4057,18,2
568,188,4057,19,2
568,188,4057,20,2
568,609,4058,0,2
568,570,4059,0,2
568,576,4060,0,2
568,576,4060,1,2
568,577,4061,0,2
568,577,4061,1,2
568,577,4061,2,2
568,577,4061,3,2
568,577,4061,4,2
568,577,4061,5,2
568,577,4061,6,2
568,577,4061,7,2
568,578,4062,0,2
568,578,4062,1,2
568,579,4063,0,2
568,579,4063,1,2
568,579,4063,2,2
568,580,4064,0,2
568,580,4064,1,2
568,584,4065,0,2
568,584,4065,1,3
568,585,4066,0,3
568,587,4067,0,2
568,587,4067,1,2
568,591,4068,0,2
568,593,4069,0,2
568,593,4069,1,2
568,593,4069,2,2
568,593,4069,3,3
568,597,4070,0,2
568,597,4070,1,2
568,597,4070,2,2
568,598,4071,0,2
568,598,4071,1,2
568,607,4072,0,2
568,607,4072,1,2
568,608,4073,0,2
568,608,4073,1,2
568,174,4074,0,2
568,174,4074,1,2
568,175,4075,0,2
568,175,4075,1,2
568,175,4075,2,2
568,176,4076,0,2
568,176,4076,1,2
568,176,4076,2,2
568,176,4076,3,2
568,184,4077,0,2
568,184,4077,1,2
568,184,4077,2,2
568,184,4077,3,2
568,184,4077,4,2
568,184,4077,5,2
568,184,4077,6,2
568,184,4077,7,2
568,184,4077,8,2
568,184,4077,9,2
568,184,4077,10,2
568,184,4077,11,2
568,184,4077,12,2
568,184,4077,13,2
568,184,4077,14,2
568,184,4077,15,2
568,184,4077,16,2
568,184,4077,17,2
568,177,4078,0,2
568,177,4078,1,2
568,177,4078,2,3
568,177,4078,3,2
568,177,4078,4,3
568,357,4079,0,2
568,358,4080,0,2
568,359,4081,0,2
568,360,4082,0,2
568,360,4082,1,2
568,178,4083,0,2
568,178,4083,1,2
568,178,4083,2,2
568,178,4083,3,2
568,178,4083,4,2
568,178,4083,5,2
568,532,4084,0,2
568,367,4085,0,2
568,367,4085,1,2
568,533,4086,0,2
568,534,4087,0,3
568,534,4087,1,2
569,34,3919,0,3
570,39,3922,0,2
571,59,3923,0,2
571,59,3923,1,3
571,59,3923,2,3
571,59,3923,3,2
571,59,3923,4,2
573,34,3925,0,2
574,599,3926,0,2
574,600,3927,0,2
575,188,3928,0,2
575,609,3929,0,2
579,11,3931,0,2
580,11,3941,0,2
580,11,3941,1,2
580,11,3941,2,2
580,51,3942,0,2
580,59,3943,0,2
581,11,3939,0,2
581,11,3939,1,2
581,11,3939,2,2
581,17,3940,0,2
582,144,3936,0,2
582,144,3936,1,2
582,145,3937,0,2
584,11,3946,0,2
584,29,3947,0,2
584,29,3947,1,3
584,106,3948,0,3
584,106,3948,1,3
584,106,3948,2,2
585,11,3950,0,2
585,375,3951,0,2
585,375,3951,1,2
585,376,3952,0,2
585,142,3953,0,3
585,142,3953,1,3
585,142,3953,2,3
585,142,3953,3,3
585,221,3954,0,2
585,221,3954,1,2
585,548,3955,0,2
585,548,3955,1,2
585,548,3955,2,2
585,548,3955,3,2
585,548,3955,4,3
585,670,3956,0,2
585,670,3956,1,2
585,670,3956,2,3
585,670,3956,3,2
585,670,3956,4,2
585,194,3957,0,3
585,672,3958,0,2
585,672,3958,1,2
585,672,3958,2,2
585,672,3958,3,2
585,672,3958,4,2
585,381,3959,0,2
585,382,3960,0,2
585,382,3960,1,2
585,382,3960,2,3
585,227,3961,0,2
585,554,3962,0,2
586,14,3945,0,2
587,585,3949,0,2
587,585,3949,1,2
588,587,4088,0,2
589,588,4090,0,2
590,604,4089,0,2
590,604,4089,1,2
590,604,4089,2,2
591,579,4092,0,2
591,593,4093,0,2
592,570,4096,0,3
592,570,4096,1,2
593,587,4091,0,2
594,46,4094,0,3
594,670,4095,0,2
594,670,4095,1,3
595,14,4098,0,2
596,14,4123,0,2
596,22,4124,0,2
596,22,4124,1,2
596,22,4124,2,2
596,22,4124,3,2
596,22,4124,4,2
596,375,4125,0,3
596,375,4125,1,2
596,375,4125,2,2
596,142,4126,0,3
596,379,4127,0,2
596,379,4127,1,2
596,379,4127,2,2
596,44,4128,0,2
596,44,4128,1,2
596,45,4129,0,2
596,45,4129,1,2
596,282,4130,0,2
596,122,4131,0,2
596,122,4131,1,2
596,113,4132,0,2
596,65,4133,0,2
596,687,4134,0,2
596,687,4134,1,3
596,688,4135,0,2
596,69,4136,0,2
596,69,4136,1,2
596,69,4136,2,2
596,69,4136,3,2
596,69,4136,4,2
596,689,4137,0,2
596,689,4137,1,3
596,690,4138,0,2
596,690,4138,1,3
596,146,4139,0,2
596,146,4139,1,2
596,146,4139,2,2
596,87,4140,0,2
596,87,4140,1,2
596,87,4140,2,2
596,87,4140,3,2
596,87,4140,4,2
596,87,4140,5,2
596,87,4140,6,2
596,87,4140,7,2
597,50,4099,0,2
598,7,4119,0,2
598,7,4119,1,3
598,7,4119,2,3
598,7,4119,3,3
598,7,4119,4,3
598,7,4119,5,3
598,7,4119,6,3
598,7,4119,7,3
598,7,4119,8,3
598,7,4119,9,3
598,7,4119,10,3
598,7,4119,11,3
598,7,4119,12,3
598,7,4119,13,3
598,7,4119,14,3
598,7,4119,15,3
598,7,4119,16,2
598,7,4119,17,2
598,7,4119,18,2
598,7,4119,19,3
598,7,4119,20,2
598,44,4120,0,3
598,44,4120,1,2
598,44,4120,2,2
598,44,4120,3,2
598,44,4120,4,2
598,44,4120,5,2
598,44,4120,6,3
598,44,4120,7,3
598,44,4120,8,2
598,44,4120,9,2
598,44,4120,10,2
598,45,4121,0,3
598,45,4121,1,2
598,45,4121,2,2
598,45,4121,3,2
598,45,4121,4,2
598,45,4121,5,2
598,45,4121,6,3
598,45,4121,7,2
598,45,4121,8,2
598,45,4121,9,2
598,45,4121,10,2
598,45,4121,11,2
598,45,4121,12,2
598,73,4122,0,2
598,73,4122,1,2
598,73,4122,2,3
598,73,4122,3,3
599,375,4113,0,2
599,122,4114,0,2
599,122,4114,1,3
599,122,4114,2,2
599,687,4115,0,3
599,687,4115,1,2
599,687,4115,2,2
599,69,4116,0,2
599,69,4116,1,2
599,69,4116,2,2
599,69,4116,3,2
599,69,4116,4,2
599,69,4116,5,2
599,69,4116,6,3
599,69,4116,7,3
599,69,4116,8,2
599,69,4116,9,3
599,69,4116,10,2
599,87,4117,0,2
599,87,4117,1,3
599,87,4117,2,3
599,87,4117,3,3
599,674,4118,0,2
600,14,4101,0,2
601,44,4108,0,2
601,45,4109,0,2
601,149,4110,0,2
601,149,4110,1,2
601,149,4110,2,3
601,149,4110,3,2
601,149,4110,4,3
601,172,4111,0,2
601,172,4111,1,2
601,172,4111,2,2
601,172,4111,3,2
601,172,4111,4,2
601,172,4111,5,2
601,172,4111,6,3
601,172,4111,7,3
601,87,4112,0,2
601,87,4112,1,2
601,87,4112,2,2
601,87,4112,3,2
601,87,4112,4,3
601,87,4112,5,2
601,87,4112,6,2
601,87,4112,7,2
601,87,4112,8,2
601,87,4112,9,2
601,87,4112,10,3
601,87,4112,11,3
601,87,4112,12,2
601,87,4112,13,2
601,87,4112,14,2
601,87,4112,15,2
601,87,4112,16,3
601,87,4112,17,2
601,87,4112,18,2
602,607,4102,0,2
602,607,4102,1,3
603,598,4103,0,2
604,593,4104,0,2
605,593,4105,0,2
605,593,4105,1,2
606,14,4107,0,2
607,607,4141,0,3
607,607,4141,1,3
608,373,4149,0,3
608,373,4149,1,2
608,301,4150,0,2
608,301,4150,1,2
608,301,4150,2,2
608,301,4150,3,2
608,301,4150,4,2
608,301,4150,5,3
608,301,4150,6,4
608,87,4151,0,2
608,87,4151,1,2
609,14,4143,0,2
610,142,4154,0,2
610,142,4154,1,2
610,142,4154,2,3
610,149,4155,0,2
610,150,4156,0,3
610,150,4156,1,2
610,150,4156,2,2
610,150,4156,3,3
610,150,4156,4,2
610,150,4156,5,2
610,150,4156,6,2
610,150,4156,7,2
610,150,4156,8,2
610,150,4156,9,3
610,150,4156,10,3
610,150,4156,11,3
610,150,4156,12,3
610,150,4156,13,3
610,150,4156,14,3
610,150,4156,15,2
610,172,4157,0,2
610,384,4158,0,2
610,384,4158,1,2
612,6,4160,0,2
612,22,4161,0,3
612,22,4161,1,3
612,22,4161,2,2
612,22,4161,3,2
612,22,4161,4,2
612,22,4161,5,2
612,22,4161,6,2
612,22,4161,7,3
612,22,4161,8,3
612,22,4161,9,2
612,22,4161,10,3
612,22,4161,11,3
612,22,4161,12,2
612,22,4161,13,3
612,22,4161,14,3
612,22,4161,15,2
612,22,4161,16,2
612,22,4161,17,3
612,22,4161,18,2
612,22,4161,19,3
612,22,4161,20,2
612,22,4161,21,4
612,22,4161,22,3
612,22,4161,23,2
612,22,4161,24,2
612,22,4161,25,2
612,22,4161,26,2
612,22,4161,27,2
612,22,4161,28,2
612,22,4161,29,2
612,22,4161,30,2
612,22,4161,31,2
612,22,4161,32,2
612,22,4161,33,2
612,22,4161,34,2
612,22,4161,35,2
612,22,4161,36,2
612,22,4161,37,2
612,22,4161,38,2
612,22,4161,39,3
612,22,4161,40,2
612,22,4161,41,2
612,22,4161,42,2
612,22,4161,43,2
612,22,4161,44,2
612,22,4161,45,3
612,22,4161,46,3
612,22,4161,47,3
612,22,4161,48,2
612,22,4161,49,2
612,22,4161,50,2
612,22,4161,51,3
612,22,4161,52,3
612,22,4161,53,2
612,22,4161,54,3
612,22,4161,55,2
612,22,4161,56,3
612,22,4161,57,2
612,22,4161,58,3
612,22,4161,59,3
612,22,4161,60,3
612,22,4161,61,3
612,22,4161,62,2
612,22,4161,63,2
612,22,4161,64,2
612,22,4161,65,3
612,22,4161,66,3
612,22,4161,67,2
612,22,4161,68,2
612,22,4161,69,2
612,22,4161,70,2
612,22,4161,71,2
612,22,4161,72,2
612,22,4161,73,2
612,22,4161,74,2
612,29,4162,0,2
612,29,4162,1,2
612,375,4163,0,2
612,375,4163,1,3
612,375,4163,2,3
612,375,4163,3,2
612,375,4163,4,2
612,375,4163,5,2
612,375,4163,6,3
612,375,4163,7,2
612,375,4163,8,2
612,115,4164,0,2
612,669,4165,0,2
612,669,4165,1,2
612,669,4165,2,3
612,669,4165,3,2
612,669,4165,4,2
612,669,4165,5,2
612,669,4165,6,2
612,282,4166,0,2
612,301,4167,0,2
612,301,4167,1,2
612,301,4167,2,2
612,225,4168,0,2
612,225,4168,1,3
612,225,4168,2,2
612,225,4168,3,3
612,225,4168,4,2
612,225,4168,5,2
612,225,4168,6,3
612,225,4168,7,2
612,225,4168,8,2
612,225,4168,9,2
612,225,4168,10,2
612,225,4168,11,2
612,225,4168,12,2
612,225,4168,13,2
612,225,4168,14,2
612,225,4168,15,2
612,225,4168,16,2
612,225,4168,17,2
612,225,4168,18,2
612,225,4168,19,3
612,225,4168,20,3
612,225,4168,21,3
612,225,4168,22,2
612,225,4168,23,3
612,225,4168,24,3
612,225,4168,25,2
612,225,4168,26,3
612,225,4168,27,2
612,225,4168,28,2
612,225,4168,29,3
612,225,4168,30,3
612,225,4168,31,3
612,225,4168,32,2
612,225,4168,33,2
612,225,4168,34,2
612,225,4168,35,2
612,225,4168,36,2
612,225,4168,37,2
612,225,4168,38,2
612,225,4168,39,2
612,225,4168,40,3
612,225,4168,41,2
612,225,4168,42,3
612,225,4168,43,2
612,226,4169,0,2
612,226,4169,1,3
612,226,4169,2,2
612,226,4169,3,3
612,226,4169,4,2
612,381,4170,0,2
612,381,4170,1,2
612,382,4171,0,2
612,382,4171,1,2
612,382,4171,2,2
612,382,4171,3,3
612,382,4171,4,3
612,382,4171,5,3
612,382,4171,6,3
612,382,4171,7,2
612,382,4171,8,2
612,382,4171,9,2
612,382,4171,10,2
612,382,4171,11,3
612,382,4171,12,2
612,382,4171,13,3
612,382,4171,14,2
612,382,4171,15,2
612,382,4171,16,3
612,382,4171,17,2
612,382,4171,18,3
612,87,4172,0,2
612,691,4173,0,2
612,383,4174,0,3
612,383,4174,1,2
612,383,4174,2,2
612,148,4175,0,3
612,148,4175,1,2
612,148,4175,2,3
612,148,4175,3,2
612,148,4175,4,3
613,14,4146,0,2
614,22,4147,0,2
614,29,4148,0,2
614,29,4148,1,2
615,14,4159,0,2
615,14,4159,1,3
615,14,4159,2,2
615,14,4159,3,2
615,14,4159,4,3
615,14,4159,5,2
615,14,4159,6,2
615,14,4159,7,3
615,14,4159,8,2
615,14,4159,9,2
615,14,4159,10,2
615,14,4159,11,2
615,14,4159,12,3
615,14,4159,13,2
615,14,4159,14,2
615,14,4159,15,2
615,14,4159,16,2
615,14,4159,17,2
615,14,4159,18,2
615,14,4159,19,3
615,14,4159,20,3
615,14,4159,21,3
615,14,4159,22,3
615,14,4159,23,3
615,14,4159,24,3
615,14,4159,25,2
615,14,4159,26,2
615,14,4159,27,2
615,14,4159,28,2
615,14,4159,29,2
615,14,4159,30,2
615,14,4159,31,3
615,14,4159,32,2
615,14,4159,33,2
615,14,4159,34,2
615,14,4159,35,2
615,14,4159,36,2
615,14,4159,37,2
615,14,4159,38,2
616,22,4152,0,2
617,374,4153,0,3
617,374,4153,1,2
617,374,4153,2,2
617,374,4153,3,2
617,374,4153,4,2
618,577,4176,0,2
618,587,4177,0,2
618,607,4178,0,2
619,593,4184,0,3
619,593,4184,1,3
619,593,4184,2,3
619,593,4184,3,2
619,593,4184,4,3
619,593,4184,5,2
619,593,4184,6,2
619,593,4184,7,2
619,593,4184,8,3
619,604,4185,0,2
619,604,4185,1,2
619,604,4185,2,3
619,604,4185,3,2
620,599,4180,0,2
621,577,4179,0,2
622,571,4183,0,2
623,609,4181,0,2
624,570,4182,0,2
624,570,4182,1,2
624,570,4182,2,2
624,570,4182,3,2
624,570,4182,4,2
624,570,4182,5,2
624,570,4182,6,2
625,693,4190,0,2
625,694,4191,0,2
625,695,4192,0,2
626,14,4193,0,2
626,375,4194,0,2
626,375,4194,1,3
626,375,4194,2,2
626,59,4195,0,2
626,69,4196,0,2
626,225,4197,0,2
626,225,4197,1,2
626,225,4197,2,2
626,225,4197,3,3
626,382,4198,0,2
626,87,4199,0,2
627,14,4187,0,2
628,599,4188,0,2
628,599,4188,1,2
628,600,4189,0,2
628,600,4189,1,2
628,600,4189,2,3
629,606,4200,0,2
629,606,4200,1,2
629,606,4200,2,2
629,606,4200,3,2
630,598,4204,0,3
630,599,4205,0,3
630,600,4206,0,2
630,600,4206,1,2
630,600,4206,2,3
631,675,4212,0,2
631,669,4213,0,2
631,677,4214,0,2
631,685,4215,0,2
631,559,4216,0,2
631,559,4216,1,3
632,115,4202,0,2
633,115,4203,0,2
634,669,4201,0,2
635,174,4208,0,2
635,174,4208,1,2
635,174,4208,2,3
636,574,4210,0,2
636,574,4210,1,2
637,9,4207,0,3
638,59,4209,0,2
639,607,4211,0,3
639,607,4211,1,2
639,607,4211,2,2
640,606,4217,0,2
640,606,4217,1,2
640,606,4217,2,2
640,606,4217,3,2
641,14,4281,0,2
641,22,4282,0,2
641,22,4282,1,3
641,22,4282,2,2
641,696,4283,0,3
641,696,4283,1,3
641,696,4283,2,3
641,696,4283,3,3
641,696,4283,4,3
641,696,4283,5,2
641,198,4284,0,2
641,24,4285,0,2
641,24,4285,1,2
641,33,4286,0,2
641,697,4287,0,2
641,697,4287,1,3
641,697,4287,2,3
641,697,4287,3,4
641,697,4287,4,4
641,697,4287,5,3
641,697,4287,6,3
641,697,4287,7,2
641,378,4288,0,2
641,378,4288,1,2
641,378,4288,2,2
641,44,4289,0,2
641,45,4290,0,2
641,45,4290,1,2
641,45,4290,2,2
641,122,4291,0,2
641,283,4292,0,2
641,113,4293,0,3
641,69,4294,0,2
641,69,4294,1,2
641,69,4294,2,2
641,69,4294,3,2
641,69,4294,4,2
641,69,4294,5,2
641,69,4294,6,2
641,698,4295,0,2
641,698,4295,1,3
641,172,4296,0,2
641,382,4297,0,2
641,382,4297,1,2
641,382,4297,2,2
641,382,4297,3,2
641,382,4297,4,3
641,382,4297,5,2
641,87,4298,0,2
641,87,4298,1,2
641,87,4298,2,2
641,699,4299,0,2
641,700,4300,0,2
641,384,4301,0,2
641,384,4301,1,3
641,384,4301,2,4
641,384,4301,3,4
641,384,4301,4,2
641,384,4301,5,2
641,384,4301,6,3
641,384,4301,7,2
641,384,4301,8,2
641,384,4301,9,4
641,384,4301,10,3
641,384,4301,11,3
641,674,4302,0,3
641,702,4303,0,2
641,703,4304,0,3
641,704,4305,0,2
641,705,4306,0,2
641,706,4307,0,2
641,707,4308,0,2
641,708,4309,0,2
641,709,4310,0,2
641,710,4311,0,2
641,711,4312,0,2
641,712,4313,0,2
641,713,4314,0,2
641,714,4315,0,2
641,715,4316,0,2
641,200,4318,0,2
641,201,4319,0,2
641,202,4320,0,2
641,203,4321,0,2
641,204,4322,0,2
641,205,4323,0,2
641,206,4324,0,2
641,188,4325,0,2
641,582,4326,0,2
642,14,4220,0,2
643,599,4218,0,2
643,599,4218,1,3
644,22,4221,0,2
644,142,4222,0,2
644,233,4223,0,3
644,233,4223,1,3
645,720,4264,0,2
645,721,4265,0,2
645,722,4266,0,2
645,724,4267,0,2
645,725,4268,0,2
645,726,4269,0,2
645,727,4270,0,2
645,728,4271,0,2
645,729,4272,0,2
645,730,4273,0,2
645,732,4274,0,2
645,733,4275,0,2
645,734,4276,0,2
645,735,4277,0,2
645,736,4278,0,2
645,737,4279,0,2
646,122,4228,0,3
646,122,4228,1,2
646,122,4228,2,2
646,122,4228,3,2
646,122,4228,4,2
646,122,4228,5,2
646,122,4228,6,3
646,122,4228,7,2
646,122,4228,8,2
646,122,4228,9,2
646,122,4228,10,2
646,122,4228,11,2
646,122,4228,12,2
646,122,4228,13,2
646,122,4228,14,3
646,122,4228,15,2
646,122,4228,16,2
647,230,4224,0,3
647,528,4225,0,3
647,69,4226,0,2
649,302,4230,0,2
649,302,4230,1,2
649,302,4230,2,2
649,302,4230,3,2
649,302,4230,4,2
649,302,4230,5,2
649,302,4230,6,3
649,302,4230,7,2
649,302,4230,8,2
649,302,4230,9,2
649,302,4230,10,2
649,302,4230,11,2
649,302,4230,12,2
649,302,4230,13,2
649,302,4230,14,2
649,302,4230,15,2
649,302,4230,16,2
649,302,4230,17,2
649,302,4230,18,2
649,302,4230,19,2
649,302,4230,20,2
649,302,4230,21,2
649,302,4230,22,3
649,302,4230,23,2
649,302,4230,24,2
649,302,4230,25,2
649,302,4230,26,2
649,302,4230,27,2
649,302,4230,28,2
649,302,4230,29,2
649,302,4230,30,2
649,302,4230,31,2
649,122,4231,0,2
649,122,4231,1,2
649,122,4231,2,2
651,72,4237,0,2
651,72,4237,1,3
651,72,4237,2,2
651,241,4238,0,2
651,241,4238,1,2
651,241,4238,2,3
651,241,4238,3,4
651,529,4239,0,3
651,529,4239,1,2
652,238,4232,0,2
652,698,4233,0,2
652,698,4233,1,2
652,312,4234,0,3
653,669,4236,0,3
653,669,4236,1,3
653,669,4236,2,3
653,669,4236,3,2
653,669,4236,4,2
654,87,4235,0,2
655,538,4241,0,2
655,538,4241,1,2
655,538,4241,2,2
655,538,4241,3,2
655,538,4241,4,2
655,538,4241,5,2
655,538,4241,6,2
655,538,4241,7,2
655,538,4241,8,3
656,115,4240,0,2
656,115,4240,1,2
656,115,4240,2,2
656,115,4240,3,2
656,115,4240,4,2
657,173,4252,0,2
657,174,4253,0,2
657,174,4253,1,3
657,174,4253,2,3
657,174,4253,3,3
657,174,4253,4,2
657,174,4253,5,2
657,174,4253,6,2
657,174,4253,7,2
657,174,4253,8,3
657,174,4253,9,2
657,174,4253,10,3
657,174,4253,11,2
657,174,4253,12,2
657,174,4253,13,2
657,174,4253,14,2
657,174,4253,15,2
657,174,4253,16,2
657,174,4253,17,2
657,174,4253,18,3
657,174,4253,19,2
657,174,4253,20,2
657,174,4253,21,2
657,174,4253,22,2
657,174,4253,23,2
658,669,4244,0,2
658,669,4244,1,2
658,669,4244,2,2
658,669,4244,3,2
658,669,4244,4,3
658,669,4244,5,3
659,14,4243,0,2
660,68,4248,0,2
660,672,4249,0,3
660,672,4249,1,2
660,672,4249,2,2
660,672,4249,3,3
660,672,4249,4,2
660,672,4249,5,2
662,733,4250,0,2
662,733,4250,1,3
663,14,4254,0,2
663,739,4255,0,3
663,739,4255,1,3
663,739,4255,2,3
663,739,4255,3,2
663,740,4256,0,3
663,740,4256,1,3
663,740,4256,2,2
663,740,4256,3,3
663,740,4256,4,2
663,741,4257,0,2
663,736,4258,0,3
663,736,4258,1,2
663,736,4258,2,3
663,534,4260,0,2
664,225,4251,0,2
664,225,4251,1,2
664,225,4251,2,2
664,225,4251,3,2
664,225,4251,4,2
664,225,4251,5,2
664,225,4251,6,3
666,7,4332,0,2
666,11,4333,0,2
666,22,4334,0,2
666,24,4335,0,2
666,26,4336,0,2
666,29,4337,0,2
666,31,4338,0,2
666,32,4339,0,2
666,34,4340,0,3
666,665,4341,0,2
666,720,4342,0,2
666,740,4343,0,2
666,740,4343,1,2
667,599,4330,0,2
668,599,4331,0,3
668,599,4331,1,2
668,599,4331,2,2
669,280,4345,0,3
669,280,4345,1,3
669,280,4345,2,2
669,280,4345,3,2
669,280,4345,4,2
669,280,4345,5,2
670,280,4329,0,2
670,280,4329,1,3
671,280,4349,0,2
671,280,4349,1,2
671,280,4349,2,2
671,280,4349,3,2
671,280,4349,4,2
671,280,4349,5,2
671,281,4350,0,2
671,281,4350,1,3
671,281,4350,2,2
671,742,4351,0,2
672,280,4357,0,3
672,280,4357,1,3
672,280,4357,2,3
672,280,4357,3,2
672,281,4358,0,2
672,742,4359,0,2
672,742,4359,1,3
672,742,4359,2,3
672,742,4359,3,3
672,742,4359,4,2
672,742,4359,5,2
672,742,4359,6,3
673,280,4346,0,2
673,280,4346,1,2
673,280,4346,2,2
673,281,4347,0,2
673,742,4348,0,2
673,742,4348,1,2
673,742,4348,2,2
674,742,4344,0,2
674,742,4344,1,3
675,29,4352,0,2
675,39,4353,0,2
675,280,4354,0,2
675,280,4354,1,2
675,280,4354,2,3
675,280,4354,3,2
675,280,4354,4,2
675,280,4354,5,2
675,280,4354,6,3
675,280,4354,7,2
675,281,4355,0,2
675,742,4356,0,2
675,742,4356,1,2
675,742,4356,2,2
675,742,4356,3,3
675,742,4356,4,3
675,742,4356,5,2
675,742,4356,6,2
675,742,4356,7,2
675,742,4356,8,3
675,742,4356,9,2
675,742,4356,10,2
675,742,4356,11,3
676,9,4360,0,2
676,9,4360,1,2
676,34,4361,0,2
676,34,4361,1,2
677,9,4367,0,2
677,34,4368,0,2
677,34,4368,1,2
677,34,4368,2,2
677,34,4368,3,2
677,34,4368,4,2
677,34,4368,5,2
677,59,4369,0,2
677,59,4369,1,2
677,59,4369,2,2
678,34,4363,0,2
678,34,4363,1,2
678,34,4363,2,2
678,34,4363,3,3
679,228,4362,0,3
679,228,4362,1,3
680,34,4366,0,2
680,34,4366,1,2
680,34,4366,2,2
680,34,4366,3,3
681,34,4364,0,2
681,34,4364,1,2
681,34,4364,2,2
681,34,4364,3,2
681,59,4365,0,2
681,59,4365,1,3
682,34,4370,0,2
682,280,4371,0,3
682,280,4371,1,3
682,280,4371,2,3
682,280,4371,3,3
682,280,4371,4,2
682,280,4371,5,2
682,280,4371,6,2
682,281,4372,0,2
682,742,4373,0,2
682,742,4373,1,2
682,742,4373,2,2
683,6,4387,0,2
683,11,4388,0,2
683,17,4389,0,3
683,273,4390,0,3
683,273,4390,1,3
683,273,4390,2,2
683,25,4391,0,2
683,28,4392,0,2
683,29,4393,0,2
683,181,4394,0,2
683,181,4394,1,2
683,181,4394,2,3
683,181,4394,3,2
683,179,4395,0,2
683,39,4396,0,3
683,39,4396,1,2
683,39,4396,2,2
683,39,4396,3,2
683,39,4396,4,2
683,39,4396,5,2
683,39,4396,6,2
683,39,4396,7,3
683,39,4396,8,2
683,39,4396,9,2
683,39,4396,10,3
683,39,4396,11,2
683,39,4396,12,2
683,39,4396,13,2
683,39,4396,14,2
683,39,4396,15,3
683,280,4397,0,2
683,280,4397,1,2
683,280,4397,2,2
683,280,4397,3,3
683,280,4397,4,3
683,280,4397,5,2
683,280,4397,6,2
683,280,4397,7,3
683,280,4397,8,2
683,280,4397,9,3
683,281,4398,0,4
683,742,4399,0,2
683,742,4399,1,2
683,742,4399,2,2
683,742,4399,3,2
683,742,4399,4,3
683,178,4400,0,3
684,9,4401,0,2
684,9,4401,1,2
684,16,4402,0,3
684,16,4402,1,3
684,16,4402,2,3
684,31,4403,0,3
684,31,4403,1,2
684,31,4403,2,3
684,31,4403,3,3
684,31,4403,4,2
684,31,4403,5,3
684,31,4403,6,3
684,31,4403,7,2
684,31,4403,8,2
684,31,4403,9,2
684,31,4403,10,2
684,31,4403,11,2
684,31,4403,12,2
684,31,4403,13,3
684,31,4403,14,2
684,31,4403,15,2
684,31,4403,16,3
684,31,4403,17,3
684,31,4403,18,2
684,31,4403,19,2
684,31,4403,20,2
684,31,4403,21,2
684,31,4403,22,2
684,31,4403,23,3
684,31,4403,24,3
684,31,4403,25,2
684,31,4403,26,4
684,743,4404,0,2
684,744,4405,0,2
684,34,4406,0,3
684,34,4406,1,2
684,34,4406,2,2
684,34,4406,3,3
684,39,4407,0,2
684,280,4408,0,2
684,280,4408,1,3
684,280,4408,2,3
684,280,4408,3,2
684,742,4409,0,2
684,742,4409,1,3
684,742,4409,2,2
684,742,4409,3,2
684,59,4410,0,2
684,59,4410,1,2
684,567,4411,0,2
684,567,4411,1,2
684,188,4412,0,2
684,178,4413,0,2
685,9,4414,0,2
685,29,4415,0,2
685,34,4416,0,3
685,280,4417,0,3
685,280,4417,1,2
685,280,4417,2,3
685,280,4417,3,2
685,280,4417,4,3
685,280,4417,5,3
685,280,4417,6,3
685,280,4417,7,3
685,280,4417,8,2
685,280,4417,9,2
685,280,4417,10,2
685,280,4417,11,2
685,280,4417,12,3
685,280,4417,13,3
685,280,4417,14,3
685,280,4417,15,3
685,280,4417,16,2
685,280,4417,17,3
685,280,4417,18,2
685,280,4417,19,2
685,375,4418,0,3
685,375,4418,1,2
685,142,4419,0,2
685,142,4419,1,2
685,142,4419,2,2
685,142,4419,3,2
685,142,4419,4,2
685,142,4419,5,2
685,142,4419,6,2
685,142,4419,7,2
685,142,4419,8,2
685,300,4420,0,2
685,300,4420,1,2
685,300,4420,2,2
685,300,4420,3,2
685,372,4421,0,2
685,372,4421,1,2
685,46,4422,0,2
685,46,4422,1,2
685,373,4423,0,2
685,373,4423,1,2
685,373,4423,2,2
685,373,4423,3,2
685,548,4424,0,2
685,548,4424,1,2
685,548,4424,2,2
685,548,4424,3,3
685,59,4425,0,2
685,59,4425,1,2
685,59,4425,2,2
685,59,4425,3,2
685,192,4426,0,2
685,69,4427,0,2
685,69,4427,1,2
685,69,4427,2,2
685,552,4428,0,3
685,225,4429,0,3
685,225,4429,1,3
685,225,4429,2,2
685,225,4429,3,2
685,225,4429,4,3
685,225,4429,5,3
685,225,4429,6,2
685,225,4429,7,2
685,225,4429,8,3
685,225,4429,9,3
685,225,4429,10,3
685,225,4429,11,3
685,225,4429,12,2
685,225,4429,13,2
685,225,4429,14,2
685,225,4429,15,2
685,225,4429,16,3
685,225,4429,17,3
685,225,4429,18,3
685,225,4429,19,2
685,225,4429,20,3
685,225,4429,21,2
685,225,4429,22,3
685,225,4429,23,3
685,225,4429,24,2
685,225,4429,25,2
685,225,4429,26,2
685,225,4429,27,3
685,225,4429,28,3
685,225,4429,29,3
685,225,4429,30,2
685,225,4429,31,2
685,225,4429,32,2
685,225,4429,33,2
685,225,4429,34,3
685,225,4429,35,2
685,225,4429,36,2
685,225,4429,37,2
685,225,4429,38,2
685,225,4429,39,2
685,225,4429,40,2
685,225,4429,41,3
685,225,4429,42,3
685,225,4429,43,2
685,225,4429,44,2
685,225,4429,45,2
685,225,4429,46,3
685,225,4429,47,3
685,225,4429,48,2
685,225,4429,49,2
685,225,4429,50,3
685,225,4429,51,3
685,225,4429,52,3
685,225,4429,53,2
685,225,4429,54,3
685,225,4429,55,3
685,225,4429,56,2
685,225,4429,57,3
685,225,4429,58,2
685,225,4429,59,2
685,226,4430,0,2
685,226,4430,1,3
685,226,4430,2,2
685,226,4430,3,3
685,226,4430,4,2
685,226,4430,5,2
685,226,4430,6,2
685,672,4431,0,3
685,672,4431,1,2
685,672,4431,2,3
685,672,4431,3,3
685,672,4431,4,2
685,672,4431,5,2
685,672,4431,6,2
685,381,4432,0,2
685,381,4432,1,2
685,381,4432,2,2
685,381,4432,3,2
685,382,4433,0,2
685,382,4433,1,2
685,382,4433,2,2
685,382,4433,3,3
685,382,4433,4,2
685,382,4433,5,2
685,382,4433,6,3
685,382,4433,7,3
685,382,4433,8,2
685,382,4433,9,2
685,382,4433,10,2
685,87,4434,0,2
685,87,4434,1,2
685,87,4434,2,2
685,87,4434,3,2
685,87,4434,4,2
685,227,4435,0,3
685,227,4435,1,2
685,227,4435,2,2
685,554,4436,0,2
685,554,4436,1,2
685,554,4436,2,3
685,554,4436,3,2
685,554,4436,4,3
685,554,4436,5,3
685,554,4436,6,2
685,554,4436,7,3
685,147,4437,0,2
685,147,4437,1,2
685,521,4438,0,2
685,521,4438,1,2
685,288,4439,0,2
685,288,4439,1,2
685,288,4439,2,3
685,288,4439,3,2
685,289,4440,0,2
685,289,4440,1,2
685,289,4440,2,3
685,289,4440,3,2
685,289,4440,4,2
685,290,4441,0,2
685,290,4441,1,2
685,291,4442,0,2
685,291,4442,1,3
685,292,4443,0,2
685,293,4444,0,3
685,293,4444,1,2
685,293,4444,2,2
685,293,4444,3,2
685,293,4444,4,3
685,293,4444,5,2
685,293,4444,6,3
685,293,4444,7,3
685,293,4444,8,3
685,293,4444,9,3
685,293,4444,10,2
685,293,4444,11,3
685,293,4444,12,2
685,293,4444,13,3
685,293,4444,14,3
685,293,4444,15,3
685,293,4444,16,2
685,293,4444,17,2
685,293,4444,18,2
685,293,4444,19,4
685,294,4445,0,3
685,294,4445,1,3
685,294,4445,2,4
685,294,4445,3,2
685,294,4445,4,2
685,294,4445,5,3
685,295,4446,0,2
685,295,4446,1,2
685,295,4446,2,3
685,745,4447,0,2
685,297,4448,0,2
685,297,4448,1,2
685,297,4448,2,2
685,297,4448,3,2
685,297,4448,4,2
685,297,4448,5,2
685,297,4448,6,3
685,297,4448,7,2
685,297,4448,8,3
685,297,4448,9,3
685,297,4448,10,2
685,297,4448,11,2
685,297,4448,12,2
685,297,4448,13,2
685,297,4448,14,3
685,297,4448,15,3
685,297,4448,16,3
685,297,4448,17,2
685,297,4448,18,2
685,567,4449,0,2
685,567,4449,1,2
686,599,4374,0,2
687,14,4376,0,2
688,225,4382,0,2
688,225,4382,1,2
688,225,4382,2,2
688,225,4382,3,2
688,225,4382,4,3
688,225,4382,5,3
688,225,4382,6,2
688,225,4382,7,2
688,225,4382,8,2
688,225,4382,9,2
688,225,4382,10,3
688,225,4382,11,2
688,225,4382,12,2
688,225,4382,13,3
688,225,4382,14,3
688,225,4382,15,2
688,225,4382,16,2
688,294,4383,0,3
688,294,4383,1,2
688,294,4383,2,2
688,294,4383,3,2
688,294,4383,4,2
688,294,4383,5,2
688,294,4383,6,2
688,294,4383,7,2
688,294,4383,8,3
688,294,4383,9,2
690,382,4378,0,2
692,593,4381,0,3
693,593,4384,0,2
693,593,4384,1,2
693,593,4384,2,2
693,593,4384,3,3
693,593,4384,4,2
693,593,4384,5,2
694,593,4385,0,2
694,593,4385,1,2
694,593,4385,2,2
694,593,4385,3,2
695,604,4386,0,3
695,604,4386,1,2
695,604,4386,2,2
695,604,4386,3,2
695,604,4386,4,3
695,604,4386,5,2
696,31,4450,0,2
696,746,4451,0,2
696,737,4452,0,3
696,737,4452,1,2
696,737,4452,2,3
697,59,4464,0,3
697,59,4464,1,3
697,59,4464,2,3
697,59,4464,3,2
697,59,4464,4,3
698,59,4454,0,3
698,59,4454,1,2
698,59,4454,2,3
698,59,4454,3,3
699,34,4460,0,2
699,34,4460,1,3
699,50,4461,0,2
699,50,4461,1,2
699,50,4461,2,2
699,50,4461,3,2
699,50,4461,4,2
699,50,4461,5,2
699,382,4462,0,2
699,382,4462,1,2
699,382,4462,2,2
699,382,4462,3,2
699,382,4462,4,2
699,382,4462,5,2
699,382,4462,6,2
699,382,4462,7,3
700,9,4453,0,2
701,548,4456,0,2
701,548,4456,1,2
701,58,4457,0,2
701,58,4457,1,3
701,58,4457,2,3
701,58,4457,3,2
701,382,4458,0,2
701,382,4458,1,2
703,578,4455,0,3
703,578,4455,1,2
704,747,4467,0,2
705,747,4465,0,3
705,747,4465,1,3
705,747,4465,2,3
705,747,4465,3,2
706,548,4466,0,2
707,742,4468,0,2
707,742,4468,1,2
707,742,4468,2,2
707,742,4468,3,2
708,742,4469,0,2
709,748,4470,0,2
710,609,4472,0,2
710,609,4472,1,2
711,570,4475,0,2
711,570,4475,1,2
711,570,4475,2,2
712,588,4473,0,2
712,588,4473,1,2
712,588,4473,2,3
713,587,4471,0,2
713,587,4471,1,2
714,599,4474,0,2
714,599,4474,1,2
714,599,4474,2,2
715,192,4476,0,2
716,69,4478,0,2
716,233,4479,0,2
716,234,4480,0,2
717,536,4477,0,2
718,672,4481,0,2
718,672,4481,1,2
718,381,4482,0,2
718,381,4482,1,2
719,741,4490,0,2
719,749,4491,0,2
720,371,4483,0,2
721,743,4499,0,2
721,743,4499,1,2
721,743,4499,2,3
721,743,4499,3,2
721,743,4499,4,3
721,743,4499,5,3
721,744,4500,0,2
721,280,4501,0,2
722,280,4493,0,2
722,280,4493,1,2
722,280,4493,2,2
722,280,4493,3,2
722,281,4494,0,2
723,743,4484,0,2
724,672,4485,0,2
725,550,4486,0,2
725,550,4486,1,3
725,69,4487,0,2
725,82,4488,0,2
725,82,4488,1,2
725,82,4488,2,2
725,82,4488,3,2
725,82,4488,4,2
726,742,4496,0,2
726,742,4496,1,2
726,742,4496,2,2
726,742,4496,3,2
726,742,4496,4,2
727,554,4489,0,2
728,582,4495,0,2
729,606,4498,0,2
729,606,4498,1,2
730,521,4526,0,4
730,527,4527,0,2
730,527,4527,1,3
730,527,4527,2,2
731,283,4497,0,2
732,384,4502,0,3
732,384,4502,1,2
732,384,4502,2,2
732,384,4502,3,2
732,384,4502,4,3
732,384,4502,5,2
733,375,4507,0,2
734,280,4505,0,2
734,280,4505,1,2
734,722,4506,0,2
737,587,4509,0,2
737,587,4509,1,2
737,587,4509,2,2
738,587,4510,0,3
739,587,4508,0,2
739,587,4508,1,2
740,593,4511,0,3
740,593,4511,1,2
740,593,4511,2,2
740,593,4511,3,2
740,593,4511,4,3
740,593,4511,5,3
740,593,4511,6,3
740,593,4511,7,2
740,593,4511,8,3
740,593,4511,9,2
740,593,4511,10,2
741,576,4512,0,2
741,576,4512,1,2
742,24,4513,0,2
743,385,4521,0,2
743,385,4521,1,3
744,225,4514,0,2
745,7,4518,0,2
745,122,4519,0,2
745,122,4519,1,2
745,122,4519,2,2
745,59,4520,0,2
745,59,4520,1,2
745,59,4520,2,3
745,59,4520,3,3
745,59,4520,4,2
745,59,4520,5,2
745,59,4520,6,2
745,59,4520,7,2
745,59,4520,8,2
745,59,4520,9,2
746,122,4516,0,3
746,122,4516,1,2
747,122,4515,0,2
748,184,4517,0,2
749,59,4522,0,2
749,69,4523,0,2
749,87,4524,0,2
749,87,4524,1,2
750,29,4525,0,2
750,29,4525,1,2
751,593,4528,0,2
752,600,4529,0,3
753,587,4530,0,2
753,587,4530,1,2
753,587,4530,2,2
753,587,4530,3,2
753,587,4530,4,2
753,587,4530,5,3
753,587,4530,6,2
754,385,4544,0,2
754,122,4545,0,2
754,113,4546,0,2
754,301,4547,0,2
754,688,4548,0,2
754,672,4549,0,3
754,691,4550,0,2
754,148,4551,0,3
754,704,4552,0,2
754,705,4553,0,3
754,706,4554,0,3
754,707,4555,0,3
754,709,4556,0,3
754,711,4557,0,3
754,712,4558,0,2
754,293,4559,0,3
754,749,4560,0,2
754,749,4560,1,2
754,749,4560,2,2
754,749,4560,3,2
755,39,4531,0,2
756,14,4533,0,3
757,22,4535,0,2
757,527,4536,0,2
757,527,4536,1,2
757,527,4536,2,2
757,527,4536,3,3
757,527,4536,4,3
757,527,4536,5,2
758,672,4532,0,2
758,672,4532,1,2
759,122,4537,0,2
759,122,4537,1,2
759,122,4537,2,3
759,122,4537,3,2
759,122,4537,4,2
759,122,4537,5,3
759,82,4538,0,2
760,300,4534,0,2
761,115,4562,0,2
761,209,4563,0,2
761,209,4563,1,2
761,379,4564,0,2
761,69,4565,0,2
761,69,4565,1,2
761,69,4565,2,2
761,750,4566,0,2
761,751,4567,0,2
762,22,4539,0,2
762,22,4539,1,2
762,22,4539,2,2
762,22,4539,3,2
762,22,4539,4,2
762,22,4539,5,2
762,527,4540,0,2
762,527,4540,1,2
762,527,4540,2,2
762,527,4540,3,2
762,527,4540,4,2
763,122,4542,0,3
763,122,4542,1,3
763,87,4543,0,2
763,87,4543,1,2
763,87,4543,2,2
763,87,4543,3,2
763,87,4543,4,2
763,87,4543,5,2
764,751,4541,0,3
764,751,4541,1,2
764,751,4541,2,3
765,720,4561,0,2
766,548,4568,0,2
767,669,4569,0,3
768,748,4573,0,2
768,748,4573,1,2
768,604,4574,0,2
769,115,4570,0,2
770,56,4575,0,2
771,56,4571,0,2
772,59,4572,0,2
773,14,4578,0,2
774,22,4576,0,2
775,225,4580,0,2
775,225,4580,1,2
775,225,4580,2,2
775,225,4580,3,3
775,225,4580,4,2
776,14,4579,0,2
777,752,4581,0,2
778,753,4595,0,2
778,741,4596,0,2
778,741,4596,1,2
779,192,4588,0,2
779,381,4589,0,2
779,382,4590,0,2
779,382,4590,1,2
780,22,4584,0,2
781,87,4585,0,2
782,31,4583,0,2
783,356,4586,0,2
784,87,4587,0,2
785,720,4605,0,2
785,720,4605,1,2
785,721,4606,0,2
785,722,4607,0,2
785,722,4607,1,2
785,722,4607,2,3
785,722,4607,3,2
785,734,4608,0,2
785,737,4609,0,2
786,754,4611,0,2
786,755,4612,0,2
786,753,4613,0,2
787,753,4592,0,3
787,753,4592,1,2
787,753,4592,2,2
787,754,4593,0,2
788,755,4591,0,2
789,748,4598,0,2
789,748,4598,1,2
790,570,4599,0,2
791,669,4601,0,2
791,755,4602,0,3
791,755,4602,1,2
791,755,4602,2,2
792,753,4600,0,3
793,669,4604,0,3
793,669,4604,1,2
794,669,4615,0,2
795,582,4616,0,2
796,606,4617,0,2
796,606,4617,1,2
797,603,4623,0,2
797,603,4623,1,3
797,608,4624,0,2
797,608,4624,1,3
797,608,4624,2,3
797,608,4624,3,2
798,301,4619,0,2
798,301,4619,1,2
798,301,4619,2,2
798,301,4619,3,2
798,301,4619,4,2
798,301,4619,5,2
799,227,4618,0,2
800,188,4620,0,2
