765,780,2768,0,3
765,780,2768,1,3
765,780,2768,2,2
766,780,2767,0,2
767,737,2773,0,3
768,777,2772,0,2
775,905,2776,0,3
775,905,2776,1,3
776,823,2778,0,2
776,823,2778,1,2
776,823,2778,2,2
777,736,2781,0,3
779,823,2782,0,3
779,823,2782,1,3
779,823,2782,2,3
779,823,2782,3,3
1417,2057,4990,0,2
1417,2057,4990,1,2
1418,2057,4993,0,2
1418,2057,4993,1,2
781,777,2784,0,2
781,777,2784,1,3
781,777,2784,2,2
781,777,2784,3,2
781,777,2784,4,2
781,777,2784,5,3
782,777,2783,0,2
782,777,2783,1,3
782,777,2783,2,2
782,777,2783,3,2
783,984,2875,0,2
783,985,2876,0,2
783,806,2877,0,2
783,806,2877,1,2
783,775,2878,0,4
783,739,2880,0,2
783,812,2883,0,3
783,812,2883,1,3
783,812,2883,2,3
783,812,2883,3,2
783,986,2885,0,2
783,982,2886,0,2
783,817,2887,0,2
784,733,2785,0,2
786,867,2788,0,2
789,860,2816,0,2
789,860,2816,1,3
792,985,2821,0,3
792,806,2822,0,2
792,806,2822,1,2
792,806,2822,2,2
792,806,2822,3,2
792,806,2822,4,2
792,806,2822,5,2
792,806,2822,6,2
792,775,2823,0,2
792,775,2823,1,2
792,775,2823,2,2
792,775,2823,3,2
792,775,2823,4,2
792,817,2824,0,2
792,817,2824,1,2
792,817,2824,2,2
792,817,2824,3,2
792,817,2824,4,2
795,868,2835,0,3
795,897,2836,0,2
795,897,2836,1,3
795,897,2836,2,3
795,897,2836,3,2
795,897,2836,4,2
795,897,2836,5,2
1422,2147,5006,0,3
1422,2148,5007,0,2
1422,2148,5007,1,3
1422,2148,5007,2,3
1422,2148,5007,3,2
1422,2148,5007,4,2
1422,2148,5007,5,2
1422,2148,5007,6,2
1422,2148,5007,7,2
1422,2148,5007,8,2
1422,2148,5007,9,2
1422,2149,5008,0,2
1422,2149,5008,1,3
1422,2149,5008,2,2
1422,2149,5008,3,2
1422,2149,5008,4,2
1422,2151,5009,0,2
1422,2151,5009,1,3
1422,2151,5009,2,2
1422,2151,5009,3,3
1422,2151,5009,4,2
1422,2152,5010,0,3
1422,2152,5010,1,2
1422,2152,5010,2,3
1422,2152,5010,3,2
1422,2152,5010,4,3
1422,2152,5010,5,3
1422,2152,5010,6,3
1423,2212,4995,0,2
1423,2215,4996,0,2
1423,2217,4997,0,2
796,733,2827,0,2
796,733,2827,1,3
796,733,2827,2,2
796,733,2827,3,3
796,733,2827,4,2
796,733,2827,5,3
796,733,2827,6,2
796,733,2827,7,3
796,733,2827,8,3
797,820,2829,0,2
797,820,2829,1,2
799,821,2840,0,2
799,729,2841,0,3
799,733,2842,0,3
801,980,2832,0,2
803,820,2848,0,2
806,868,2852,0,2
806,993,2854,0,2
806,826,2855,0,3
806,727,2856,0,2
806,911,2857,0,2
806,824,2858,0,2
806,830,2859,0,2
806,833,2860,0,2
806,923,2861,0,2
806,986,2862,0,3
806,780,2863,0,2
806,787,2864,0,2
808,826,2850,0,2
809,828,2851,0,2
809,828,2851,1,2
809,828,2851,2,2
810,985,2873,0,2
810,985,2873,1,3
810,985,2873,2,2
810,985,2873,3,3
810,985,2873,4,2
810,775,2874,0,2
810,775,2874,1,3
811,743,2871,0,2
1425,2211,5011,0,3
1425,2213,5012,0,3
1425,2213,5012,1,2
1425,2213,5012,2,2
1425,2219,5013,0,2
1425,2219,5013,1,3
1425,2236,5014,0,2
844,1078,2995,0,2
846,1091,2997,0,2
847,1093,2999,0,2
847,1093,2999,1,3
847,1093,2999,2,2
848,1094,3003,0,3
848,1095,3004,0,2
848,1096,3005,0,2
848,1097,3006,0,3
848,1098,3007,0,2
848,1098,3007,1,3
849,1095,3001,0,2
1426,2104,5002,0,2
1426,2104,5002,1,2
1426,2104,5002,2,2
1426,2104,5002,3,2
1426,2112,5003,0,2
1427,2156,5000,0,2
1427,2156,5000,1,2
1427,2156,5000,2,2
1428,2104,5001,0,2
850,1100,3000,0,2
1429,2151,5004,0,2
1430,1881,5005,0,2
1430,1881,5005,1,2
1431,2021,5016,0,2
1431,2021,5016,1,2
1431,2021,5016,2,2
1431,2021,5016,3,2
851,1101,3009,0,3
852,1101,3002,0,3
852,1101,3002,1,3
853,1096,3011,0,2
853,1096,3011,1,2
853,1091,3012,0,2
853,1091,3012,1,3
854,1104,3008,0,3
854,1104,3008,1,2
855,1105,3016,0,2
855,1105,3016,1,2
855,1105,3016,2,3
855,1106,3017,0,2
855,1106,3017,1,2
855,1106,3017,2,2
855,1107,3018,0,2
855,1107,3018,1,3
855,1108,3019,0,2
855,1109,3020,0,2
855,1110,3021,0,2
855,1111,3022,0,2
855,1112,3023,0,2
855,1112,3023,1,2
856,1113,3015,0,2
856,1113,3015,1,2
857,1114,3010,0,2
858,1115,3030,0,3
858,1116,3031,0,3
858,1117,3032,0,2
858,1117,3032,1,2
858,1117,3032,2,2
858,1117,3032,3,2
858,1117,3032,4,2
858,1117,3032,5,2
858,1117,3032,6,2
858,1118,3033,0,2
858,1119,3034,0,2
861,1123,3035,0,2
861,1123,3035,1,2
861,1123,3035,2,3
861,1100,3036,0,2
862,1125,3026,0,3
862,1125,3026,1,2
862,1125,3026,2,2
862,1126,3027,0,2
862,1127,3028,0,3
866,1101,3041,0,2
866,1101,3041,1,2
866,1101,3041,2,2
866,1101,3041,3,2
866,1137,3042,0,2
866,1137,3042,1,3
866,1137,3042,2,2
866,1137,3042,3,2
867,1123,3040,0,2
867,1123,3040,1,2
871,1150,3050,0,3
871,1150,3050,1,2
874,1152,3057,0,3
877,1101,3059,0,2
877,1101,3059,1,3
877,1101,3059,2,2
877,1101,3059,3,3
877,1101,3059,4,2
877,1137,3060,0,3
877,1137,3060,1,3
877,1117,3061,0,2
877,1117,3061,1,2
877,1117,3061,2,2
877,1117,3061,3,2
878,1101,3064,0,2
1432,2213,5026,0,3
1432,2213,5026,1,3
1432,2213,5026,2,2
1432,2213,5026,3,2
1432,2220,5027,0,3
1432,2220,5027,1,2
879,1156,3063,0,2
880,1157,3072,0,3
880,1158,3073,0,3
880,1158,3073,1,3
880,1158,3073,2,2
883,1161,3067,0,3
884,1162,3069,0,2
884,1163,3070,0,2
885,1165,3075,0,3
885,1166,3076,0,3
885,1166,3076,1,2
885,1166,3076,2,4
885,1166,3076,3,2
886,1166,3068,0,2
887,1137,3071,0,2
888,1167,3077,0,2
889,1165,3079,0,3
889,1166,3080,0,3
890,1100,3081,0,2
891,1105,3078,0,2
1433,2238,5033,0,2
1433,2239,5034,0,2
1433,2240,5035,0,2
1433,2241,5036,0,2
1433,2244,5038,0,2
1433,2245,5039,0,2
1433,2246,5040,0,2
1433,2247,5041,0,2
1433,2248,5042,0,2
1433,2249,5043,0,2
894,1185,3083,0,2
1434,2104,5021,0,2
1434,2112,5022,0,2
1434,2238,5023,0,2
1434,2156,5025,0,2
896,1117,3084,0,2
899,1152,3086,0,3
900,1123,3107,0,2
900,1113,3108,0,2
900,1187,3109,0,3
900,1187,3109,1,3
900,1187,3109,2,2
900,1112,3110,0,2
900,1112,3110,1,2
900,1112,3110,2,2
900,1112,3110,3,2
900,1112,3110,4,2
900,1112,3110,5,2
900,1188,3111,0,2
901,1114,3102,0,3
901,1114,3102,1,3
901,1114,3102,2,2
901,1189,3103,0,2
901,1189,3103,1,2
903,1190,3101,0,2
904,1123,3104,0,2
1435,2156,5019,0,3
1435,2158,5020,0,2
1435,2158,5020,1,3
1435,2158,5020,2,3
1435,2158,5020,3,2
1435,2158,5020,4,2
1435,2158,5020,5,2
1435,2158,5020,6,2
1435,2158,5020,7,3
1436,2176,5017,0,3
1436,2176,5017,1,2
1440,2176,5032,0,2
1440,2176,5032,1,2
1440,2176,5032,2,2
1442,2110,5057,0,2
1442,2110,5057,1,2
1442,2110,5057,2,3
1444,2105,5065,0,2
1444,2106,5066,0,2
1444,2106,5066,1,2
1444,2106,5066,2,3
1444,2106,5066,3,2
1444,2106,5066,4,2
1444,2106,5066,5,3
905,1192,3112,0,2
905,1192,3112,1,2
906,1161,3125,0,2
910,1113,3127,0,2
912,1123,3130,0,3
912,1123,3130,1,3
913,1161,3134,0,2
913,1161,3134,1,3
913,1161,3134,2,2
913,1161,3134,3,2
913,1161,3134,4,2
915,1200,3137,0,3
915,1201,3138,0,3
915,1201,3138,1,2
915,1201,3138,2,2
915,1201,3138,3,2
915,1201,3138,4,2
915,1201,3138,5,2
915,1201,3138,6,3
915,1201,3138,7,3
915,1201,3138,8,3
915,1201,3138,9,3
918,1202,3146,0,2
918,1203,3147,0,2
918,1204,3148,0,2
918,1205,3149,0,2
919,1192,3153,0,2
919,1192,3153,1,2
919,1192,3153,2,2
919,1192,3153,3,3
919,1192,3153,4,3
919,1206,3154,0,2
919,1206,3154,1,2
919,1206,3154,2,2
920,1200,3150,0,2
922,1200,3141,0,2
923,1152,3156,0,2
923,1152,3156,1,2
923,1152,3156,2,2
923,1152,3156,3,2
923,1152,3156,4,2
923,1152,3156,5,2
924,1152,3152,0,2
924,1152,3152,1,2
924,1152,3152,2,2
929,1215,3162,0,3
930,1152,3169,0,3
930,1152,3169,1,3
930,1152,3169,2,2
930,1152,3169,3,3
930,1152,3169,4,2
930,1152,3169,5,3
931,1152,3161,0,2
933,1152,3165,0,3
933,1152,3165,1,2
933,1152,3165,2,3
934,1096,3167,0,3
934,1096,3167,1,3
935,1091,3163,0,2
936,1095,3166,0,3
937,1095,3170,0,3
937,1095,3170,1,3
938,1093,3168,0,2
938,1093,3168,1,3
939,1206,3171,0,2
939,1216,3173,0,2
939,1216,3173,1,3
941,1219,3175,0,3
941,1220,3176,0,2
943,1095,3179,0,2
943,1095,3179,1,2
943,1095,3179,2,2
943,1096,3180,0,2
946,1223,3184,0,2
946,1223,3184,1,3
946,1223,3184,2,3
947,1223,3178,0,2
948,1106,3183,0,2
949,1091,3194,0,2
949,1091,3194,1,2
949,1091,3194,2,2
949,1224,3196,0,3
949,1224,3196,1,2
949,1224,3196,2,2
949,1225,3197,0,3
949,1225,3197,1,3
949,1225,3197,2,2
949,1225,3197,3,2
949,1225,3197,4,2
949,1225,3197,5,2
949,1225,3197,6,2
949,1225,3197,7,3
949,1225,3197,8,3
949,1225,3197,9,2
949,1225,3197,10,3
949,1225,3197,11,3
949,1225,3197,12,3
949,1225,3197,13,3
949,1225,3197,14,2
949,1225,3197,15,3
949,1225,3197,16,2
949,1225,3197,17,2
949,1225,3197,18,2
949,1225,3197,19,2
949,1225,3197,20,2
949,1225,3197,21,2
949,1225,3197,22,3
949,1225,3197,23,2
949,1225,3197,24,2
949,1225,3197,25,2
949,1225,3197,26,3
949,1225,3197,27,2
949,1225,3197,28,2
949,1225,3197,29,3
949,1225,3197,30,2
949,1225,3197,31,2
949,1225,3197,32,2
949,1225,3197,33,3
949,1225,3197,34,2
949,1225,3197,35,2
949,1225,3197,36,3
949,1225,3197,37,3
949,1225,3197,38,2
949,1225,3197,39,3
949,1225,3197,40,3
949,1225,3197,41,3
949,1225,3197,42,2
949,1225,3197,43,2
949,1225,3197,44,2
949,1225,3197,45,3
949,1225,3197,46,3
949,1225,3197,47,2
949,1225,3197,48,2
951,1229,3191,0,3
951,1216,3192,0,2
951,1216,3192,1,3
954,1125,3206,0,2
954,1125,3206,1,3
954,1125,3206,2,3
954,1125,3206,3,3
954,1125,3206,4,2
954,1125,3206,5,2
954,1125,3206,6,2
954,1125,3206,7,2
954,1125,3206,8,3
954,1125,3206,9,2
954,1125,3206,10,3
956,1206,3204,0,3
957,1206,3208,0,2
957,1206,3208,1,2
957,1206,3208,2,3
957,1206,3208,3,2
957,1206,3208,4,2
957,1206,3208,5,2
957,1206,3208,6,2
957,1206,3208,7,2
961,1200,3207,0,2
961,1200,3207,1,3
961,1200,3207,2,3
964,1206,3249,0,2
964,1206,3249,1,2
964,1206,3249,2,3
964,1206,3249,3,2
964,1206,3249,4,2
964,1206,3249,5,2
964,1206,3249,6,2
964,1206,3249,7,2
964,1206,3249,8,2
964,1206,3249,9,3
964,1206,3249,10,2
964,1206,3249,11,3
964,1247,3251,0,3
964,1247,3251,1,2
964,1248,3252,0,3
964,1248,3252,1,2
964,1248,3252,2,3
964,1248,3252,3,2
964,1248,3252,4,3
964,1248,3252,5,3
964,1248,3252,6,2
964,1248,3252,7,2
964,1248,3252,8,2
964,1248,3252,9,2
964,1248,3252,10,2
964,1248,3252,11,3
964,1248,3252,12,3
964,1248,3252,13,3
964,1248,3252,14,2
964,1248,3252,15,2
964,1248,3252,16,2
964,1248,3252,17,2
964,1248,3252,18,2
964,1248,3252,19,2
964,1248,3252,20,3
964,1248,3252,21,3
964,1248,3252,22,3
964,1248,3252,23,2
964,1248,3252,24,2
964,1248,3252,25,3
964,1248,3252,26,2
964,1157,3253,0,3
964,1157,3253,1,3
964,1158,3254,0,3
964,1158,3254,1,2
964,1158,3254,2,2
967,1251,3235,0,2
967,1203,3236,0,2
967,1203,3236,1,2
967,1203,3236,2,2
967,1203,3236,3,2
967,1203,3236,4,3
967,1252,3237,0,2
967,1252,3237,1,3
967,1252,3237,2,2
967,1252,3237,3,3
967,1252,3237,4,3
967,1110,3238,0,2
967,1110,3238,1,2
967,1111,3239,0,2
968,1253,3244,0,3
968,1253,3244,1,3
968,1152,3245,0,2
968,1152,3245,1,3
968,1152,3245,2,2
968,1152,3245,3,2
968,1152,3245,4,2
968,1152,3245,5,2
968,1215,3246,0,3
968,1215,3246,1,2
968,1215,3246,2,2
968,1254,3247,0,3
968,1254,3247,1,3
969,1206,3229,0,2
971,1157,3241,0,2
971,1157,3241,1,2
973,1203,3242,0,2
973,1252,3243,0,2
974,1098,3255,0,2
974,1098,3255,1,3
974,1098,3255,2,2
974,1098,3255,3,3
975,1123,3270,0,2
975,1123,3270,1,2
975,1123,3270,2,2
975,1123,3270,3,2
975,1123,3270,4,2
975,1123,3270,5,3
975,1123,3270,6,2
975,1161,3271,0,2
975,1161,3271,1,3
975,1113,3272,0,2
975,1113,3272,1,3
975,1113,3272,2,2
975,1215,3273,0,2
975,1215,3273,1,3
975,1101,3274,0,2
975,1101,3274,1,2
975,1255,3275,0,2
975,1255,3275,1,2
975,1255,3275,2,2
975,1117,3276,0,2
975,1117,3276,1,3
975,1117,3276,2,2
975,1117,3276,3,2
975,1117,3276,4,2
975,1118,3277,0,3
975,1118,3277,1,2
975,1118,3277,2,2
975,1118,3277,3,2
975,1256,3278,0,3
975,1256,3278,1,2
975,1256,3278,2,2
975,1257,3279,0,3
975,1119,3280,0,3
975,1119,3280,1,2
975,1114,3281,0,2
975,1114,3281,1,3
975,1114,3281,2,2
975,1258,3282,0,2
975,1259,3283,0,2
975,1125,3284,0,2
975,1125,3284,1,2
975,1125,3284,2,2
975,1125,3284,3,2
975,1261,3285,0,3
975,1261,3285,1,3
975,1261,3285,2,2
975,1261,3285,3,3
975,1261,3285,4,2
975,1261,3285,5,2
975,1261,3285,6,3
975,1261,3285,7,3
975,1261,3285,8,3
975,1260,3286,0,4
975,1262,3287,0,2
975,1262,3287,1,2
1445,2106,5059,0,3
1445,2106,5059,1,2
1445,2106,5059,2,2
1445,2106,5059,3,2
977,1259,3258,0,2
978,1260,3262,0,2
979,1203,3257,0,3
979,1203,3257,1,2
980,1203,3259,0,2
981,1269,3260,0,2
983,1276,3265,0,2
983,1278,3267,0,2
985,1279,3295,0,2
986,1280,3294,0,3
986,1280,3294,1,3
987,1105,3300,0,2
987,1105,3300,1,2
987,1187,3301,0,2
987,1112,3302,0,2
988,1167,3296,0,2
988,1112,3297,0,2
988,1112,3297,1,2
989,1282,3323,0,2
989,1284,3325,0,2
989,1278,3326,0,2
989,1100,3327,0,3
989,1100,3327,1,3
989,1100,3327,2,3
989,1101,3328,0,2
989,1101,3328,1,2
989,1117,3329,0,2
989,1117,3329,1,3
989,1117,3329,2,2
989,1117,3329,3,2
989,1117,3329,4,2
989,1117,3329,5,3
989,1117,3329,6,2
989,1117,3329,7,3
989,1117,3329,8,3
989,1117,3329,9,3
989,1117,3329,10,2
989,1117,3329,11,2
989,1117,3329,12,2
989,1118,3330,0,3
989,1118,3330,1,2
990,1286,3298,0,2
991,1156,3303,0,2
991,1156,3303,1,2
993,1280,3299,0,3
994,1123,3339,0,2
994,1123,3339,1,2
994,1161,3340,0,2
994,1161,3340,1,2
994,1161,3340,2,2
994,1161,3340,3,2
994,1287,3341,0,2
994,1287,3341,1,3
994,1287,3341,2,2
994,1113,3342,0,2
994,1113,3342,1,2
994,1113,3342,2,2
994,1254,3343,0,3
994,1101,3344,0,2
994,1101,3344,1,2
994,1255,3345,0,2
994,1255,3345,1,2
994,1137,3346,0,2
994,1137,3346,1,3
994,1137,3346,2,2
994,1117,3347,0,2
994,1117,3347,1,2
994,1288,3348,0,2
994,1288,3348,1,2
994,1288,3348,2,2
994,1189,3349,0,2
994,1189,3349,1,2
994,1189,3349,2,3
994,1258,3350,0,2
994,1289,3351,0,2
994,1259,3352,0,3
994,1261,3353,0,2
994,1261,3353,1,3
994,1261,3353,2,2
994,1261,3353,3,2
994,1261,3353,4,2
994,1261,3353,5,2
994,1290,3354,0,3
994,1290,3354,1,2
994,1290,3354,2,2
994,1290,3354,3,2
994,1290,3354,4,2
994,1290,3354,5,2
994,1290,3354,6,3
994,1126,3355,0,4
994,1291,3356,0,2
994,1291,3356,1,2
994,1262,3357,0,2
994,1262,3357,1,2
995,1289,3314,0,2
995,1289,3314,1,2
995,1125,3315,0,3
995,1125,3315,1,3
995,1125,3315,2,3
995,1125,3315,3,3
995,1290,3316,0,3
995,1290,3316,1,2
995,1290,3316,2,2
995,1290,3316,3,2
995,1290,3316,4,2
995,1290,3316,5,2
995,1127,3317,0,2
995,1127,3317,1,2
995,1127,3317,2,3
995,1127,3317,3,2
995,1292,3318,0,3
995,1292,3318,1,2
995,1291,3319,0,2
996,1293,3307,0,2
997,1293,3305,0,3
997,1293,3305,1,3
998,1286,3306,0,2
999,1269,3309,0,2
999,1269,3309,1,3
999,1269,3309,2,2
999,1269,3309,3,2
999,1294,3310,0,2
823,775,2899,0,2
823,775,2899,1,3
823,775,2899,2,2
823,775,2899,3,2
1003,1152,3362,0,3
1003,1152,3362,1,2
1003,1152,3362,2,3
1003,1152,3362,3,3
1003,1152,3362,4,2
1003,1152,3362,5,3
1003,1152,3362,6,2
1003,1152,3362,7,2
1003,1152,3362,8,3
1003,1215,3363,0,2
1003,1215,3363,1,3
1003,1215,3363,2,2
1003,1254,3364,0,2
1003,1254,3364,1,2
1003,1254,3364,2,3
1005,1254,3367,0,2
824,775,2900,0,2
826,985,2902,0,2
827,986,2903,0,2
1006,1280,3368,0,2
829,920,2910,0,2
829,924,2911,0,3
829,925,2912,0,3
829,925,2912,1,3
829,925,2912,2,2
829,740,2913,0,2
829,796,2914,0,2
829,796,2914,1,3
829,796,2914,2,3
829,796,2914,3,2
829,797,2915,0,2
829,797,2915,1,3
829,797,2915,2,2
829,797,2915,3,3
829,797,2915,4,3
829,741,2916,0,2
829,741,2916,1,2
829,931,2917,0,2
830,860,2923,0,2
830,860,2923,1,2
830,860,2923,2,3
830,860,2923,3,2
830,860,2923,4,3
830,860,2923,5,2
830,860,2923,6,3
830,860,2923,7,2
830,860,2923,8,2
830,860,2923,9,2
830,860,2923,10,2
830,860,2923,11,2
830,860,2923,12,2
830,860,2923,13,3
830,860,2923,14,3
830,860,2923,15,3
830,860,2923,16,2
830,860,2923,17,3
830,1066,2925,0,3
830,1066,2925,1,2
830,863,2926,0,3
830,863,2926,1,2
830,863,2926,2,3
830,863,2926,3,2
830,863,2926,4,3
830,863,2926,5,3
830,863,2926,6,2
830,863,2926,7,2
830,863,2926,8,2
830,863,2926,9,2
830,863,2926,10,2
830,863,2926,11,3
830,863,2926,12,3
830,863,2926,13,3
830,863,2926,14,2
830,863,2926,15,2
830,863,2926,16,2
830,863,2926,17,2
830,863,2926,18,2
830,863,2926,19,2
830,863,2926,20,3
830,863,2926,21,3
830,863,2926,22,3
830,863,2926,23,2
830,863,2926,24,2
830,863,2926,25,3
830,863,2926,26,2
832,739,2907,0,3
820,1004,2930,0,2
820,1004,2930,1,2
820,1004,2930,2,3
820,1004,2930,3,2
820,1004,2930,4,3
820,1004,2930,5,2
820,1004,2930,6,3
820,1004,2930,7,2
820,1004,2930,8,2
820,1004,2930,9,2
820,1004,2930,10,2
820,1004,2930,11,2
820,1004,2930,12,2
820,1004,2930,13,3
820,1004,2930,14,3
820,1004,2930,15,3
820,1004,2930,16,2
820,1004,2930,17,3
820,1006,2932,0,3
820,1006,2932,1,2
820,1007,2933,0,3
820,1007,2933,1,2
820,1007,2933,2,3
820,1007,2933,3,2
820,1007,2933,4,3
820,1007,2933,5,3
820,1007,2933,6,2
820,1007,2933,7,2
820,1007,2933,8,2
820,1007,2933,9,2
820,1007,2933,10,2
820,1007,2933,11,3
820,1007,2933,12,3
820,1007,2933,13,3
820,1007,2933,14,2
820,1007,2933,15,2
820,1007,2933,16,2
820,1007,2933,17,2
820,1007,2933,18,2
820,1007,2933,19,2
820,1007,2933,20,3
820,1007,2933,21,3
820,1007,2933,22,3
820,1007,2933,23,2
820,1007,2933,24,2
820,1007,2933,25,3
820,1007,2933,26,2
820,1009,2934,0,2
820,1010,2935,0,2
820,1011,2936,0,2
820,1011,2936,1,2
820,1011,2936,2,3
820,1011,2936,3,2
820,1011,2936,4,2
820,1012,2937,0,3
820,1013,2938,0,3
820,1013,2938,1,3
820,1013,2938,2,2
820,1014,2939,0,3
820,1015,2940,0,2
820,1016,2941,0,2
820,1016,2941,1,3
820,1016,2941,2,3
820,1016,2941,3,2
820,1017,2942,0,2
820,1017,2942,1,3
820,1017,2942,2,2
820,1017,2942,3,3
820,1017,2942,4,3
820,1018,2943,0,2
820,1018,2943,1,2
820,1019,2944,0,2
820,1020,2945,0,2
1008,1282,3369,0,2
1009,1293,3378,0,3
1009,1293,3378,1,3
1012,1152,3405,0,2
1012,1152,3405,1,3
1012,1152,3405,2,3
1012,1152,3405,3,3
1012,1152,3405,4,2
1012,1152,3405,5,3
1012,1152,3405,6,3
1012,1152,3405,7,2
1012,1152,3405,8,2
1012,1152,3405,9,2
1012,1287,3406,0,2
1012,1287,3406,1,2
1012,1287,3406,2,2
1012,1287,3406,3,3
1012,1287,3406,4,3
1012,1287,3406,5,3
1012,1287,3406,6,3
1012,1287,3406,7,3
1012,1287,3406,8,2
1012,1287,3406,9,3
1012,1298,3407,0,3
1012,1113,3408,0,2
1012,1113,3408,1,3
1012,1113,3408,2,3
1012,1113,3408,3,3
1012,1113,3408,4,3
1012,1113,3408,5,2
1012,1299,3409,0,3
1012,1299,3409,1,2
1012,1100,3410,0,3
1012,1100,3410,1,3
1012,1100,3410,2,3
1012,1100,3410,3,2
1012,1115,3411,0,3
1012,1115,3411,1,3
1012,1115,3411,2,2
1012,1137,3412,0,2
1012,1137,3412,1,2
1012,1137,3412,2,3
1012,1117,3413,0,2
1012,1117,3413,1,2
1012,1117,3413,2,3
1012,1117,3413,3,3
1012,1117,3413,4,2
1012,1300,3414,0,2
1012,1301,3415,0,2
1012,1301,3415,1,3
1012,1301,3415,2,2
1012,1301,3415,3,2
1012,1302,3416,0,2
1012,1303,3417,0,3
1012,1304,3418,0,2
1012,1114,3419,0,3
1012,1114,3419,1,2
1012,1114,3419,2,3
1012,1114,3419,3,3
1012,1114,3419,4,2
1012,1114,3419,5,3
1012,1114,3419,6,3
1012,1114,3419,7,2
1012,1189,3420,0,3
1012,1189,3420,1,3
1012,1189,3420,2,2
1012,1189,3420,3,3
1012,1189,3420,4,3
1012,1189,3420,5,3
1012,1189,3420,6,3
1012,1189,3420,7,2
1012,1189,3420,8,3
1013,1299,3374,0,3
1013,1100,3375,0,2
1013,1100,3375,1,2
1013,1115,3376,0,3
1013,1117,3377,0,3
1014,1152,3381,0,3
1014,1152,3381,1,2
1014,1152,3381,2,3
1014,1152,3381,3,3
1014,1152,3381,4,3
1014,1200,3382,0,2
1014,1200,3382,1,3
1014,1307,3383,0,2
1015,1100,3389,0,2
1015,1117,3390,0,2
1015,1117,3390,1,3
1015,1117,3390,2,2
1015,1117,3390,3,2
1015,1117,3390,4,2
1015,1117,3390,5,2
1015,1114,3391,0,3
1015,1114,3391,1,2
1015,1114,3391,2,3
1015,1114,3391,3,2
1016,1307,3380,0,2
1018,1206,3398,0,2
1018,1206,3398,1,3
1018,1206,3398,2,2
1018,1108,3400,0,2
1018,1157,3401,0,2
1018,1157,3401,1,2
1018,1157,3401,2,3
1018,1157,3401,3,3
1018,1157,3401,4,2
1018,1158,3402,0,2
1018,1158,3402,1,2
1018,1158,3402,2,2
1018,1158,3402,3,2
1018,1158,3402,4,3
1018,1158,3402,5,3
1019,1152,3384,0,2
1019,1152,3384,1,2
1019,1100,3385,0,2
1019,1100,3385,1,2
1019,1100,3385,2,2
1020,1152,3386,0,2
1020,1152,3386,1,3
1021,1112,3387,0,2
1022,1251,3388,0,2
1023,1286,3393,0,2
1023,1126,3394,0,2
1025,1257,3396,0,2
1025,1257,3396,1,2
1026,1098,3397,0,2
1027,1256,3428,0,2
1027,1256,3428,1,2
1027,1256,3428,2,2
1027,1256,3428,3,3
1027,1256,3428,4,3
1027,1311,3429,0,2
1027,1119,3430,0,2
1027,1119,3430,1,2
1028,1312,3431,0,3
1028,1312,3431,1,3
1028,1312,3431,2,2
1028,1312,3431,3,2
1028,1203,3432,0,2
1036,1152,3450,0,2
1036,1157,3452,0,2
1036,1187,3453,0,2
1036,1187,3453,1,2
1036,1187,3453,2,2
1036,1187,3453,3,2
1036,1187,3453,4,3
1036,1167,3454,0,2
1036,1188,3455,0,3
1037,1116,3449,0,3
1037,1116,3449,1,3
1037,1116,3449,2,3
1037,1116,3449,3,3
1037,1116,3449,4,3
834,860,2918,0,2
834,860,2918,1,2
834,860,2918,2,2
834,860,2918,3,2
834,860,2918,4,2
834,860,2918,5,2
834,860,2918,6,2
834,860,2918,7,2
1038,1286,3447,0,2
1040,1101,3458,0,2
1040,1101,3458,1,2
1040,1101,3458,2,2
1040,1101,3458,3,2
1040,1101,3458,4,2
1040,1101,3458,5,3
835,860,2920,0,2
835,860,2920,1,2
835,860,2920,2,2
835,860,2920,3,2
835,860,2920,4,3
1041,1206,3467,0,2
1041,1206,3467,1,2
1041,1206,3467,2,2
1041,1206,3467,3,2
1041,1206,3467,4,2
1041,1206,3467,5,2
1041,1206,3467,6,2
1041,1206,3467,7,2
1041,1206,3467,8,2
1042,1157,3456,0,2
1045,1105,3459,0,2
1047,1276,3461,0,2
1048,1282,3463,0,2
1048,1282,3463,1,2
1049,1098,3464,0,3
1049,1098,3464,1,2
1049,1098,3464,2,2
1049,1098,3464,3,3
1049,1098,3464,4,2
1051,1167,3466,0,3
1051,1167,3466,1,2
1055,1206,3476,0,2
1055,1206,3476,1,2
1055,1206,3476,2,3
1055,1206,3476,3,2
1055,1206,3476,4,2
1055,1206,3476,5,2
1055,1206,3476,6,3
1055,1206,3476,7,2
1055,1206,3476,8,2
1055,1206,3476,9,2
1056,1229,3471,0,2
1057,1097,3478,0,2
1447,2238,5061,0,3
1447,2238,5061,1,2
1059,1323,3479,0,2
1448,2104,5070,0,3
1448,2104,5070,1,2
1448,2109,5071,0,2
1448,2109,5071,1,3
1448,2112,5072,0,2
1448,2112,5072,1,3
1448,2156,5073,0,2
1448,2156,5073,1,2
1448,2174,5074,0,2
1448,2174,5074,1,2
1060,1293,3480,0,2
1060,1293,3480,1,2
1060,1293,3480,2,2
1062,1223,3482,0,2
1063,1201,3483,0,2
1063,1201,3483,1,2
1065,1326,3484,0,2
1066,1167,3486,0,2
1066,1167,3486,1,2
1066,1167,3486,2,2
1066,1167,3486,3,2
1449,2275,5090,0,2
1449,2276,5091,0,2
1449,2277,5092,0,2
1449,2278,5093,0,2
1449,2279,5094,0,2
1449,2280,5095,0,2
1449,2281,5096,0,2
1069,1158,3503,0,3
1069,1158,3503,1,2
1069,1158,3503,2,3
1069,1158,3503,3,3
1071,1158,3496,0,2
1071,1158,3496,1,2
1071,1158,3496,2,2
1072,1157,3498,0,2
1072,1157,3498,1,3
1073,1331,3497,0,2
1073,1331,3497,1,2
1080,1206,3508,0,3
1080,1206,3508,1,2
1080,1206,3508,2,3
1080,1206,3508,3,2
1082,1280,3506,0,2
1085,1117,3511,0,2
1085,1117,3511,1,2
1085,1125,3512,0,2
1085,1125,3512,1,2
1086,1220,3510,0,2
1086,1220,3510,1,2
1087,1117,3514,0,2
1087,1117,3514,1,2
1087,1125,3515,0,2
1087,1125,3515,1,2
1087,1125,3515,2,3
1088,1093,3517,0,3
1089,1101,3516,0,2
1096,1117,3560,0,2
1096,1117,3560,1,2
1096,1114,3561,0,2
1099,1219,3572,0,2
1099,1345,3573,0,2
1099,1346,3574,0,2
1100,1158,3562,0,2
1101,1108,3563,0,2
1101,1108,3563,1,2
1101,1158,3564,0,2
1101,1158,3564,1,2
1101,1158,3564,2,2
1101,1156,3565,0,2
1103,1158,3567,0,2
1103,1158,3567,1,2
1105,1205,3569,0,3
1106,1346,3568,0,2
1106,1346,3568,1,2
1106,1346,3568,2,2
1106,1346,3568,3,3
1107,1349,3581,0,2
1108,1349,3577,0,2
1108,1349,3577,1,2
1109,1206,3583,0,2
1109,1206,3583,1,3
1109,1206,3583,2,2
1109,1206,3583,3,3
1109,1206,3583,4,2
1109,1206,3583,5,2
1111,1349,3579,0,2
1112,1189,3585,0,3
1114,1201,3592,0,3
821,1038,2950,0,2
821,1038,2950,1,2
821,1038,2950,2,3
821,1038,2950,3,3
821,1038,2950,4,3
821,1038,2950,5,3
821,1038,2950,6,3
821,1038,2950,7,2
821,1038,2950,8,2
821,1038,2950,9,2
821,1038,2950,10,2
821,1038,2950,11,2
821,1038,2950,12,2
821,1038,2950,13,3
821,1038,2950,14,3
821,1038,2950,15,2
821,1038,2950,16,3
821,1040,2952,0,3
821,1040,2952,1,2
821,1041,2953,0,3
821,1041,2953,1,2
821,1041,2953,2,3
821,1041,2953,3,2
821,1041,2953,4,3
821,1041,2953,5,3
821,1041,2953,6,2
821,1041,2953,7,2
821,1041,2953,8,2
821,1041,2953,9,2
821,1041,2953,10,2
821,1041,2953,11,3
821,1041,2953,12,3
821,1041,2953,13,3
821,1041,2953,14,2
821,1041,2953,15,2
821,1041,2953,16,2
821,1041,2953,17,2
821,1041,2953,18,2
821,1041,2953,19,2
821,1041,2953,20,3
821,1041,2953,21,3
821,1041,2953,22,3
821,1041,2953,23,2
821,1041,2953,24,2
821,1041,2953,25,3
821,1041,2953,26,2
821,1043,2954,0,2
821,1044,2955,0,2
821,1045,2956,0,2
821,1045,2956,1,2
821,1045,2956,2,3
821,1045,2956,3,2
821,1045,2956,4,2
821,1046,2957,0,3
821,1047,2958,0,3
821,1047,2958,1,3
821,1047,2958,2,2
821,1048,2959,0,3
821,1049,2960,0,2
821,1050,2961,0,2
821,1050,2961,1,3
821,1050,2961,2,3
821,1050,2961,3,2
821,1051,2962,0,2
821,1051,2962,1,3
821,1051,2962,2,2
821,1051,2962,3,3
821,1051,2962,4,3
821,1052,2963,0,2
821,1052,2963,1,2
821,1053,2964,0,2
821,1054,2965,0,2
1117,1258,3588,0,2
1119,1219,3590,0,2
1122,1101,3595,0,2
1125,1189,3615,0,3
1452,2238,5067,0,2
1452,2240,5068,0,2
1126,1125,3616,0,3
1135,1105,3631,0,2
1135,1105,3631,1,3
1135,1105,3631,2,3
1139,1192,3636,0,3
1139,1192,3636,1,3
1139,1192,3636,2,2
1139,1192,3636,3,3
1139,1192,3636,4,2
1139,1192,3636,5,3
1139,1192,3636,6,2
1139,1192,3636,7,3
1140,1192,3633,0,3
1141,1287,3685,0,2
1141,1287,3685,1,2
1141,1287,3685,2,2
1141,1287,3685,3,2
1141,1101,3686,0,2
1141,1101,3686,1,2
1142,1104,3688,0,2
1142,1104,3688,1,2
1142,1104,3688,2,2
1142,1104,3688,3,2
1142,1104,3688,4,2
1142,1414,3689,0,3
1142,1414,3689,1,2
1142,1414,3689,2,2
1143,1201,3687,0,2
1144,1206,3697,0,2
1144,1206,3697,1,3
1144,1206,3697,2,2
1144,1206,3697,3,2
1144,1206,3697,4,2
1144,1206,3697,5,2
1148,1113,3691,0,2
1148,1113,3691,1,3
1148,1113,3691,2,3
1152,1113,3720,0,2
1154,1299,3728,0,2
1154,1100,3729,0,2
1154,1100,3729,1,3
1154,1100,3729,2,2
1154,1100,3729,3,2
1154,1100,3729,4,2
1154,1100,3729,5,3
1154,1115,3730,0,2
1154,1117,3731,0,2
1154,1117,3731,1,2
1154,1117,3731,2,2
1154,1117,3731,3,2
1155,1137,3722,0,3
1157,1096,3723,0,2
1158,1123,3732,0,3
1158,1123,3732,1,2
1456,2290,5083,0,2
1456,2215,5084,0,2
1456,2215,5084,1,2
1456,2215,5084,2,2
1456,2215,5084,3,2
1456,2216,5085,0,2
1456,2216,5085,1,2
1456,2291,5086,0,2
1162,1096,3733,0,2
1164,1100,3765,0,2
1164,1100,3765,1,2
1164,1100,3765,2,2
1164,1100,3765,3,2
1164,1115,3766,0,2
1460,2290,5203,0,2
1460,2290,5203,1,2
1460,2290,5203,2,2
1460,2215,5204,0,2
1460,2215,5204,1,2
1460,2215,5204,2,2
1462,2290,5201,0,2
1462,2290,5201,1,2
1463,2290,5200,0,3
1464,2292,5202,0,2
1465,1966,5205,0,2
1465,1966,5205,1,3
1465,1966,5205,2,2
1465,1966,5205,3,3
1465,1966,5205,4,3
1465,1966,5205,5,2
1465,1966,5205,6,2
1465,1966,5205,7,3
1465,1966,5205,8,3
1466,2293,5209,0,2
1466,2165,5210,0,3
1466,2165,5210,1,2
1466,2165,5210,2,2
1466,2165,5210,3,2
1466,1966,5211,0,2
1466,1966,5211,1,2
1466,1966,5211,2,2
1466,1966,5211,3,2
1467,2306,5223,0,2
1467,2307,5224,0,2
1468,2312,5213,0,2
1468,2147,5214,0,3
1468,2147,5214,1,2
1468,2147,5214,2,2
1468,2148,5215,0,3
1468,2148,5215,1,3
1468,2148,5215,2,2
1468,2148,5215,3,3
1468,2148,5215,4,2
1468,2148,5215,5,2
1468,2149,5216,0,3
1468,2150,5217,0,3
1468,2151,5218,0,3
1468,2152,5219,0,3
1468,2152,5219,1,3
1468,2152,5219,2,2
1468,2152,5219,3,2
1468,2152,5219,4,3
1468,2152,5219,5,2
1468,2152,5219,6,2
1468,2152,5219,7,2
1468,2152,5219,8,2
1468,2152,5219,9,3
1468,2152,5219,10,3
1168,1312,3771,0,2
1168,1312,3771,1,2
1469,2094,5206,0,2
1469,2094,5206,1,2
1469,2095,5207,0,3
1470,2094,5226,0,2
1470,2094,5226,1,2
1470,2094,5226,2,2
1171,1201,3790,0,2
1171,1201,3790,1,2
1171,1201,3790,2,2
1171,1201,3790,3,2
1171,1201,3790,4,2
1171,1201,3790,5,2
1171,1422,3791,0,2
1171,1106,3792,0,3
1171,1106,3792,1,2
1171,1106,3792,2,3
1171,1106,3792,3,3
1171,1106,3792,4,2
1171,1423,3793,0,2
1171,1424,3794,0,2
1171,1425,3795,0,2
1171,1426,3796,0,2
1173,1098,3774,0,2
1174,1098,3799,0,2
1473,2157,5231,0,2
1474,2105,5230,0,2
1476,1200,5232,0,2
1477,1123,5237,0,3
1477,1100,5238,0,3
1477,1100,5238,1,2
1479,1137,5236,0,3
1482,1880,5245,0,2
1482,1880,5245,1,3
1482,1880,5245,2,2
1482,1880,5245,3,2
1482,1881,5246,0,2
1482,1881,5246,1,2
1482,1881,5246,2,3
1482,1881,5246,3,2
1482,1882,5247,0,3
1488,2422,5256,0,2
1488,2423,5257,0,2
1488,2213,5258,0,2
1488,2213,5258,1,2
1488,2213,5258,2,2
1488,2213,5258,3,3
1488,2213,5258,4,3
1488,2213,5258,5,3
1488,2213,5258,6,2
1488,2424,5259,0,2
1490,2425,5254,0,2
1491,2425,5252,0,3
1491,2427,5253,0,2
1492,2427,5251,0,3
1499,1101,5321,0,2
