497,686,2484,0,2
497,686,2484,1,3
497,686,2484,2,2
497,686,2484,3,2
497,686,2484,4,3
497,686,2484,5,2
516,686,2547,0,2
517,686,2561,0,2
860,98,4048,0,2
860,98,4048,1,2
860,98,4048,2,2
860,98,4048,3,3
860,116,4049,0,2
860,116,4049,1,2
860,116,4049,2,2
860,116,4049,3,3
860,116,4049,4,2
860,116,4049,5,2
860,116,4049,6,2
860,116,4049,7,2
860,631,4050,0,2
860,631,4050,1,2
860,631,4050,2,2
860,631,4050,3,2
860,631,4050,4,2
860,129,4051,0,3
860,129,4051,1,3
860,130,4052,0,3
860,130,4052,1,3
860,1244,4053,0,2
860,1245,4054,0,2
860,1246,4055,0,2
860,1247,4056,0,2
860,1248,4057,0,2
860,160,4058,0,2
860,160,4058,1,2
860,160,4058,2,2
860,160,4058,3,2
860,188,4059,0,2
860,188,4059,1,2
860,188,4059,2,2
860,237,4060,0,2
860,237,4060,1,2
860,237,4060,2,3
860,237,4060,3,2
860,237,4060,4,2
860,237,4060,5,2
860,237,4060,6,3
860,237,4060,7,3
860,237,4060,8,2
860,237,4060,9,3
860,237,4060,10,3
860,237,4060,11,3
860,237,4060,12,2
860,237,4060,13,3
860,237,4060,14,2
860,237,4060,15,3
860,237,4060,16,3
861,116,3973,0,2
861,116,3973,1,2
861,116,3973,2,3
861,1244,3974,0,2
861,1244,3974,1,3
861,1245,3975,0,2
861,1246,3976,0,3
861,1247,3977,0,2
861,1250,3978,0,2
861,188,3979,0,2
861,188,3979,1,3
862,98,3983,0,2
862,98,3983,1,2
862,116,3984,0,2
862,116,3984,1,3
862,120,3985,0,2
862,120,3985,1,2
862,120,3985,2,2
862,120,3985,3,2
862,124,3986,0,2
862,124,3986,1,2
862,1250,3987,0,2
862,161,3988,0,2
862,161,3988,1,2
862,188,3989,0,2
862,188,3989,1,3
862,188,3989,2,2
863,631,3992,0,2
863,1245,3994,0,2
863,1245,3994,1,3
863,1246,3995,0,2
863,1246,3995,1,3
658,211,3251,0,3
658,211,3251,1,2
658,224,3252,0,3
658,224,3252,1,3
658,224,3252,2,2
658,224,3252,3,3
658,224,3252,4,3
658,224,3252,5,3
658,224,3252,6,2
658,1147,3253,0,2
864,116,4009,0,2
864,116,4009,1,2
864,116,4009,2,2
864,116,4009,3,2
864,119,4010,0,2
864,119,4010,1,2
864,120,4011,0,2
864,120,4011,1,2
864,122,4012,0,2
864,122,4012,1,2
864,1244,4013,0,3
864,1244,4013,1,3
864,1245,4014,0,2
864,1245,4014,1,2
864,1245,4014,2,3
864,1246,4015,0,2
864,1246,4015,1,2
864,1251,4016,0,2
864,1252,4017,0,2
864,1247,4018,0,3
864,1247,4018,1,3
864,1253,4019,0,3
864,1250,4020,0,3
864,1254,4021,0,2
864,161,4022,0,2
864,161,4022,1,2
864,237,4023,0,2
865,120,3997,0,2
865,1251,3998,0,2
865,1251,3998,1,3
865,1250,3999,0,3
865,1255,4000,0,3
865,161,4001,0,2
865,161,4001,1,2
867,98,4069,0,2
867,98,4069,1,2
867,98,4069,2,2
867,98,4069,3,2
867,116,4070,0,2
867,116,4070,1,2
867,116,4070,2,2
867,116,4070,3,2
867,116,4070,4,2
867,116,4070,5,2
867,631,4071,0,2
867,631,4071,1,2
867,631,4071,2,2
867,631,4071,3,3
867,119,4072,0,2
867,119,4072,1,2
867,120,4073,0,2
867,120,4073,1,2
867,120,4073,2,2
867,120,4073,3,2
867,122,4074,0,2
867,122,4074,1,2
867,124,4075,0,2
867,124,4075,1,3
867,1244,4076,0,2
867,1244,4076,1,3
867,1244,4076,2,2
867,1245,4077,0,2
867,1245,4077,1,3
867,1245,4077,2,2
867,1245,4077,3,3
867,1245,4077,4,3
867,1246,4078,0,3
867,1251,4079,0,2
867,1251,4079,1,2
867,1251,4079,2,2
867,1252,4080,0,2
867,1252,4080,1,3
867,1257,4081,0,2
867,1253,4082,0,3
867,1258,4083,0,2
867,1248,4084,0,2
867,1255,4085,0,3
867,1254,4086,0,2
867,1254,4086,1,2
867,1254,4086,2,2
867,1254,4086,3,2
867,160,4089,0,2
867,160,4089,1,2
867,160,4089,2,2
867,160,4089,3,3
867,161,4090,0,2
867,161,4090,1,3
867,188,4091,0,2
867,188,4091,1,3
867,188,4091,2,2
867,237,4092,0,2
867,237,4092,1,2
867,237,4092,2,2
867,237,4092,3,2
867,237,4092,4,2
867,237,4092,5,2
867,237,4092,6,3
867,237,4092,7,2
867,237,4092,8,3
867,237,4092,9,3
867,237,4092,10,3
867,237,4092,11,2
867,237,4092,12,2
867,237,4092,13,3
867,237,4092,14,3
868,1257,4007,0,3
869,1253,4008,0,3
870,1257,4030,0,2
870,1258,4031,0,3
870,161,4032,0,2
870,161,4032,1,2
871,631,4037,0,2
871,631,4037,1,2
871,1245,4038,0,3
871,1245,4038,1,3
871,1245,4038,2,2
871,1260,4039,0,2
871,160,4041,0,2
871,160,4041,1,2
872,1251,4043,0,2
872,1252,4044,0,3
872,1252,4044,1,2
872,1255,4045,0,2
872,1254,4046,0,2
872,1254,4046,1,2
872,1254,4046,2,2
873,116,4122,0,3
873,116,4122,1,2
873,116,4122,2,2
873,119,4123,0,2
873,122,4124,0,2
501,237,2517,0,2
501,237,2517,1,2
501,237,2517,2,2
502,237,2520,0,2
503,237,2521,0,2
504,286,2522,0,2
659,1149,3255,0,2
660,224,3259,0,3
660,224,3259,1,2
660,224,3259,2,3
660,224,3259,3,3
660,224,3259,4,3
660,224,3259,5,3
660,224,3259,6,2
660,224,3259,7,3
661,1154,3275,0,3
661,1154,3275,1,4
661,1154,3275,2,3
661,1154,3275,3,4
661,1155,3276,0,3
661,1155,3276,1,3
661,1155,3276,2,2
661,1155,3276,3,3
661,1155,3276,4,3
661,1155,3276,5,3
661,1155,3276,6,2
661,1155,3276,7,3
661,1155,3276,8,4
661,1155,3276,9,2
661,1144,3277,0,3
661,1144,3277,1,2
661,1144,3277,2,3
661,1144,3277,3,3
661,1144,3277,4,3
661,1144,3277,5,3
661,1144,3277,6,3
661,707,3278,0,3
661,149,3279,0,3
661,161,3281,0,3
661,161,3281,1,3
661,161,3281,2,3
661,161,3281,3,3
661,161,3281,4,2
661,164,3282,0,2
661,168,3283,0,2
661,720,3284,0,2
661,650,3285,0,3
661,650,3285,1,3
661,650,3285,2,3
661,711,3286,0,3
661,711,3286,1,4
661,711,3286,2,3
661,711,3286,3,4
661,711,3286,4,3
661,1156,3287,0,2
661,188,3288,0,2
661,188,3288,1,2
661,188,3288,2,3
661,188,3288,3,2
661,188,3288,4,2
661,188,3288,5,2
661,188,3288,6,2
661,188,3288,7,3
661,188,3288,8,2
661,596,3289,0,2
661,596,3289,1,2
661,596,3289,2,2
661,230,3293,0,2
661,712,3294,0,3
661,712,3294,1,3
661,712,3294,2,3
661,712,3294,3,2
661,712,3294,4,2
661,712,3294,5,3
661,237,3295,0,2
661,1147,3296,0,3
661,1147,3296,1,2
661,1147,3296,2,2
662,1158,3257,0,2
663,1160,3308,0,2
663,1154,3309,0,2
663,1154,3309,1,3
663,1154,3309,2,3
663,1154,3309,3,3
663,1154,3309,4,2
663,1155,3310,0,2
663,1155,3310,1,2
663,1155,3310,2,3
663,1155,3310,3,2
663,1155,3310,4,2
663,1155,3310,5,3
663,1155,3310,6,3
663,1155,3310,7,3
663,1155,3310,8,2
663,1155,3310,9,3
663,1155,3310,10,2
663,1155,3310,11,3
663,1155,3310,12,2
663,1155,3310,13,2
663,1162,3311,0,2
663,1144,3312,0,2
663,1144,3312,1,2
663,1156,3313,0,2
663,1156,3313,1,2
663,1156,3313,2,2
663,1156,3313,3,2
663,1156,3313,4,3
663,1156,3313,5,2
663,1156,3313,6,3
663,1156,3313,7,2
663,1156,3313,8,3
663,1156,3313,9,3
663,1156,3313,10,2
663,188,3314,0,2
663,1149,3315,0,2
663,1149,3315,1,2
663,1149,3315,2,2
663,224,3316,0,2
663,224,3316,1,2
663,224,3316,2,2
663,224,3316,3,2
663,224,3316,4,2
663,1158,3317,0,2
663,1158,3317,1,2
663,1158,3317,2,3
874,116,4157,0,2
874,116,4157,1,2
874,119,4158,0,2
874,122,4159,0,2
874,122,4159,1,2
874,122,4159,2,2
874,122,4159,3,2
874,122,4159,4,2
874,1244,4160,0,3
874,1244,4160,1,3
874,1244,4160,2,3
874,1245,4161,0,3
874,1245,4161,1,3
874,1260,4162,0,2
874,1257,4163,0,2
874,1261,4164,0,3
874,1258,4165,0,2
874,1255,4166,0,2
874,161,4167,0,3
874,161,4167,1,3
874,188,4168,0,2
874,188,4168,1,3
874,188,4168,2,2
874,188,4168,3,2
874,248,4169,0,2
874,934,4170,0,2
499,160,2485,0,2
499,160,2485,1,2
499,160,2485,2,2
499,208,2486,0,2
499,208,2486,1,2
505,235,2518,0,2
505,235,2518,1,2
507,237,2523,0,2
507,237,2523,1,3
507,237,2523,2,3
507,237,2523,3,2
507,237,2523,4,3
507,237,2523,5,3
507,237,2523,6,3
508,641,2559,0,2
508,641,2559,1,2
508,641,2559,2,2
508,641,2559,3,3
508,641,2559,4,2
508,641,2559,5,2
508,641,2559,6,2
508,641,2559,7,2
508,641,2559,8,2
508,641,2559,9,3
508,641,2559,10,3
508,641,2559,11,3
508,641,2559,12,2
508,641,2559,13,3
508,641,2559,14,3
508,641,2559,15,2
508,641,2559,16,2
508,641,2559,17,2
508,641,2559,18,2
508,641,2559,19,2
508,641,2559,20,2
508,641,2559,21,2
508,641,2559,22,2
508,641,2559,23,2
508,641,2559,24,3
508,641,2559,25,3
508,641,2559,26,3
508,641,2559,27,2
508,641,2559,28,2
508,641,2559,29,2
508,641,2559,30,3
508,641,2559,31,2
508,641,2559,32,2
508,641,2559,33,2
508,641,2559,34,2
508,641,2559,35,2
508,641,2559,36,2
508,641,2559,37,2
508,641,2559,38,2
508,641,2559,39,2
508,641,2559,40,3
508,641,2559,41,3
508,641,2559,42,3
508,641,2559,43,2
508,641,2559,44,3
508,641,2559,45,3
508,641,2559,46,2
508,641,2559,47,2
508,641,2559,48,2
508,641,2559,49,3
508,641,2559,50,2
508,641,2559,51,2
508,641,2559,52,2
508,641,2559,53,2
508,641,2559,54,2
508,641,2559,55,3
508,641,2559,56,3
508,641,2559,57,3
508,641,2559,58,2
508,641,2559,59,3
508,641,2559,60,3
508,641,2559,61,2
508,641,2559,62,2
508,641,2559,63,2
508,641,2559,64,2
508,641,2559,65,2
508,641,2559,66,2
508,641,2559,67,2
508,641,2559,68,2
508,641,2559,69,2
508,641,2559,70,2
508,641,2559,71,3
508,641,2559,72,3
508,641,2559,73,3
508,641,2559,74,2
508,641,2559,75,2
508,641,2559,76,2
508,641,2559,77,3
508,641,2559,78,2
508,641,2559,79,2
508,641,2559,80,2
508,641,2559,81,3
508,641,2559,82,2
508,641,2559,83,2
508,641,2559,84,2
508,641,2559,85,2
508,641,2559,86,2
508,641,2559,87,3
508,641,2559,88,3
508,641,2559,89,3
508,641,2559,90,2
508,641,2559,91,3
508,641,2559,92,3
508,641,2559,93,2
508,641,2559,94,2
508,641,2559,95,2
508,641,2559,96,2
508,641,2559,97,2
508,641,2559,98,2
508,641,2559,99,2
508,641,2559,100,2
508,641,2559,101,2
508,641,2559,102,2
508,641,2559,103,3
508,641,2559,104,3
508,641,2559,105,3
508,641,2559,106,2
508,641,2559,107,2
508,641,2559,108,2
508,641,2559,109,3
508,641,2559,110,2
508,641,2559,111,2
508,641,2559,112,3
508,641,2559,113,2
508,641,2559,114,2
508,641,2559,115,2
508,641,2559,116,2
508,641,2559,117,2
508,641,2559,118,3
508,641,2559,119,3
508,641,2559,120,3
508,641,2559,121,2
508,641,2559,122,2
508,641,2559,123,2
508,641,2559,124,3
508,641,2559,125,2
508,641,2559,126,2
508,641,2559,127,2
508,641,2559,128,2
508,641,2559,129,2
508,641,2559,130,2
508,641,2559,131,2
508,641,2559,132,2
508,641,2559,133,2
508,641,2559,134,3
508,641,2559,135,3
508,641,2559,136,3
508,641,2559,137,2
508,641,2559,138,2
508,641,2559,139,2
508,641,2559,140,3
508,641,2559,141,2
508,641,2559,142,2
508,641,2559,143,2
508,641,2559,144,2
508,641,2559,145,2
508,641,2559,146,2
508,641,2559,147,2
508,641,2559,148,2
508,641,2559,149,2
508,641,2559,150,3
508,641,2559,151,3
508,641,2559,152,3
508,641,2559,153,2
508,641,2559,154,3
508,641,2559,155,3
508,641,2559,156,2
508,641,2559,157,2
508,641,2559,158,2
508,641,2559,159,2
508,641,2559,160,2
508,641,2559,161,2
508,641,2559,162,2
508,641,2559,163,2
508,641,2559,164,2
508,641,2559,165,2
508,641,2559,166,3
508,641,2559,167,3
508,641,2559,168,3
508,641,2559,169,2
508,641,2559,170,3
508,641,2559,171,3
508,641,2559,172,2
508,641,2559,173,2
508,641,2559,174,2
508,641,2559,175,2
508,641,2559,176,2
508,641,2559,177,2
508,641,2559,178,2
508,641,2559,179,2
508,641,2559,180,2
508,641,2559,181,3
508,641,2559,182,3
508,641,2559,183,3
508,641,2559,184,2
508,641,2559,185,3
508,641,2559,186,3
508,641,2559,187,2
508,641,2559,188,2
508,641,2559,189,2
508,641,2559,190,2
508,641,2559,191,2
508,641,2559,192,2
508,641,2559,193,2
508,641,2559,194,2
508,641,2559,195,2
508,641,2559,196,2
508,641,2559,197,3
508,641,2559,198,3
508,641,2559,199,3
508,641,2559,200,2
508,641,2559,201,3
508,641,2559,202,3
508,641,2559,203,2
508,641,2559,204,2
508,641,2559,205,2
508,641,2559,206,2
508,641,2559,207,2
508,641,2559,208,2
508,641,2559,209,2
508,641,2559,210,2
508,641,2559,211,2
508,641,2559,212,3
508,641,2559,213,3
508,641,2559,214,3
508,641,2559,215,2
508,641,2559,216,3
508,641,2559,217,3
508,641,2559,218,2
508,641,2559,219,2
508,641,2559,220,2
508,641,2559,221,2
508,641,2559,222,2
508,641,2559,223,2
508,641,2559,224,2
509,641,2560,0,3
509,641,2560,1,3
509,641,2560,2,3
509,641,2560,3,4
509,641,2560,4,3
509,641,2560,5,3
509,641,2560,6,2
509,641,2560,7,3
509,641,2560,8,3
509,641,2560,9,3
509,641,2560,10,3
509,641,2560,11,4
509,641,2560,12,3
509,641,2560,13,3
509,641,2560,14,2
509,641,2560,15,3
509,641,2560,16,3
509,641,2560,17,3
509,641,2560,18,3
509,641,2560,19,4
509,641,2560,20,3
509,641,2560,21,3
509,641,2560,22,2
509,641,2560,23,2
509,641,2560,24,3
509,641,2560,25,3
509,641,2560,26,3
509,641,2560,27,3
509,641,2560,28,4
509,641,2560,29,3
509,641,2560,30,3
509,641,2560,31,2
509,641,2560,32,3
509,641,2560,33,3
509,641,2560,34,3
509,641,2560,35,3
509,641,2560,36,4
509,641,2560,37,3
509,641,2560,38,3
509,641,2560,39,2
509,641,2560,40,3
509,641,2560,41,3
509,641,2560,42,3
509,641,2560,43,3
509,641,2560,44,4
509,641,2560,45,3
509,641,2560,46,3
509,641,2560,47,2
509,641,2560,48,3
509,641,2560,49,3
509,641,2560,50,3
509,641,2560,51,4
509,641,2560,52,3
509,641,2560,53,3
509,641,2560,54,2
509,641,2560,55,2
509,641,2560,56,3
509,641,2560,57,3
509,641,2560,58,3
509,641,2560,59,3
509,641,2560,60,3
509,641,2560,61,3
509,641,2560,62,3
509,641,2560,63,2
509,641,2560,64,3
509,641,2560,65,3
509,641,2560,66,3
509,641,2560,67,4
509,641,2560,68,3
509,641,2560,69,3
509,641,2560,70,2
509,641,2560,71,2
509,641,2560,72,3
509,641,2560,73,3
509,641,2560,74,3
509,641,2560,75,3
509,641,2560,76,4
509,641,2560,77,3
509,641,2560,78,3
509,641,2560,79,2
509,641,2560,80,2
509,641,2560,81,3
509,641,2560,82,3
509,641,2560,83,3
509,641,2560,84,3
509,641,2560,85,4
509,641,2560,86,3
509,641,2560,87,3
509,641,2560,88,2
509,641,2560,89,2
509,641,2560,90,3
509,641,2560,91,3
509,641,2560,92,3
509,641,2560,93,4
509,641,2560,94,3
509,641,2560,95,3
509,641,2560,96,2
509,641,2560,97,2
509,641,2560,98,3
509,641,2560,99,3
509,641,2560,100,3
509,641,2560,101,3
509,641,2560,102,4
509,641,2560,103,3
509,641,2560,104,3
509,641,2560,105,2
509,641,2560,106,2
509,641,2560,107,3
509,641,2560,108,3
509,641,2560,109,3
509,641,2560,110,3
509,641,2560,111,4
509,641,2560,112,3
509,641,2560,113,3
509,641,2560,114,2
509,641,2560,115,3
509,641,2560,116,3
509,641,2560,117,3
509,641,2560,118,3
509,641,2560,119,3
509,641,2560,120,3
509,641,2560,121,3
509,641,2560,122,3
509,641,2560,123,3
509,641,2560,124,4
510,179,2535,0,2
510,179,2535,1,3
510,179,2535,2,2
510,179,2535,3,2
510,188,2536,0,2
510,188,2536,1,3
510,202,2537,0,2
510,202,2537,1,2
510,202,2537,2,2
510,202,2537,3,2
510,202,2537,4,2
510,202,2537,5,2
510,290,2538,0,2
510,290,2538,1,2
510,290,2538,2,2
510,290,2538,3,2
513,160,2533,0,2
513,160,2533,1,2
513,160,2533,2,3
875,1245,4174,0,2
875,1245,4174,1,2
875,1251,4175,0,2
875,1251,4175,1,3
875,1251,4175,2,2
875,1252,4176,0,2
875,1252,4176,1,3
875,1252,4176,2,2
875,1253,4177,0,2
875,1253,4177,1,2
875,1254,4178,0,2
875,1254,4178,1,3
875,1254,4178,2,2
514,934,2546,0,2
514,934,2546,1,2
664,224,3324,0,3
664,224,3324,1,2
664,224,3324,2,2
667,636,3393,0,2
667,1164,3394,0,2
667,1165,3395,0,2
667,641,3396,0,3
667,641,3396,1,3
667,641,3396,2,3
667,641,3396,3,4
667,641,3396,4,3
667,641,3396,5,3
667,641,3396,6,2
667,641,3396,7,3
667,641,3396,8,3
667,641,3396,9,3
667,641,3396,10,3
667,641,3396,11,4
667,641,3396,12,3
667,641,3396,13,3
667,641,3396,14,2
667,641,3396,15,3
667,641,3396,16,3
667,641,3396,17,3
667,641,3396,18,3
667,641,3396,19,4
667,641,3396,20,3
667,641,3396,21,3
667,641,3396,22,2
667,641,3396,23,2
667,641,3396,24,3
667,641,3396,25,3
667,641,3396,26,3
667,641,3396,27,3
667,641,3396,28,4
667,641,3396,29,3
667,641,3396,30,3
667,641,3396,31,2
667,641,3396,32,3
667,641,3396,33,3
667,641,3396,34,3
667,641,3396,35,3
667,641,3396,36,4
667,641,3396,37,3
667,641,3396,38,3
667,641,3396,39,2
667,641,3396,40,3
667,641,3396,41,3
667,641,3396,42,3
667,641,3396,43,3
667,641,3396,44,4
667,641,3396,45,3
667,641,3396,46,3
667,641,3396,47,2
667,641,3396,48,3
667,641,3396,49,3
667,641,3396,50,3
667,641,3396,51,4
667,641,3396,52,3
667,641,3396,53,3
667,641,3396,54,2
667,641,3396,55,2
667,641,3396,56,3
667,641,3396,57,3
667,641,3396,58,3
667,641,3396,59,3
667,641,3396,60,3
667,641,3396,61,3
667,641,3396,62,3
667,641,3396,63,2
667,641,3396,64,3
667,641,3396,65,3
667,641,3396,66,3
667,641,3396,67,4
667,641,3396,68,3
667,641,3396,69,3
667,641,3396,70,2
667,641,3396,71,2
667,641,3396,72,3
667,641,3396,73,3
667,641,3396,74,3
667,641,3396,75,3
667,641,3396,76,4
667,641,3396,77,3
667,641,3396,78,3
667,641,3396,79,2
667,641,3396,80,2
667,641,3396,81,3
667,641,3396,82,3
667,641,3396,83,3
667,641,3396,84,3
667,641,3396,85,4
667,641,3396,86,3
667,641,3396,87,3
667,641,3396,88,2
667,641,3396,89,2
667,641,3396,90,3
667,641,3396,91,3
667,641,3396,92,3
667,641,3396,93,4
667,641,3396,94,3
667,641,3396,95,3
667,641,3396,96,2
667,641,3396,97,2
667,641,3396,98,3
667,641,3396,99,3
667,641,3396,100,3
667,641,3396,101,3
667,641,3396,102,4
667,641,3396,103,3
667,641,3396,104,3
667,641,3396,105,2
667,641,3396,106,2
667,641,3396,107,3
667,641,3396,108,3
667,641,3396,109,3
667,641,3396,110,3
667,641,3396,111,4
667,641,3396,112,3
667,641,3396,113,3
667,641,3396,114,2
667,641,3396,115,3
667,641,3396,116,3
667,641,3396,117,3
667,641,3396,118,3
667,641,3396,119,3
667,641,3396,120,3
667,641,3396,121,3
667,641,3396,122,3
667,641,3396,123,3
667,641,3396,124,4
667,650,3397,0,2
667,650,3397,1,2
667,1166,3398,0,2
668,1164,3337,0,2
668,1164,3337,1,2
668,1164,3337,2,2
668,1165,3338,0,2
668,1165,3338,1,2
668,1165,3338,2,2
668,1165,3338,3,2
668,1165,3338,4,2
668,1165,3338,5,2
668,1165,3338,6,2
668,1165,3338,7,3
668,1165,3338,8,2
668,650,3339,0,2
668,1166,3340,0,3
668,1166,3340,1,3
668,1166,3340,2,2
668,1166,3340,3,2
668,1166,3340,4,2
668,1166,3340,5,3
669,1164,3332,0,2
669,1164,3332,1,2
669,1164,3332,2,2
669,1166,3333,0,2
669,1166,3333,1,2
671,1165,3346,0,3
671,1165,3346,1,2
671,1165,3346,2,4
671,1165,3346,3,3
671,1165,3346,4,3
671,1165,3346,5,3
671,1165,3346,6,3
671,1165,3346,7,3
671,1165,3346,8,3
671,1165,3346,9,3
671,1165,3346,10,3
671,1165,3346,11,3
671,1165,3346,12,3
671,1165,3346,13,2
671,1165,3346,14,2
671,1165,3346,15,2
671,1166,3347,0,2
671,1166,3347,1,2
518,179,2567,0,3
518,179,2567,1,3
518,188,2568,0,3
518,188,2568,1,2
518,188,2568,2,2
519,179,2565,0,2
519,188,2566,0,2
519,188,2566,1,3
519,188,2566,2,2
520,179,2562,0,2
672,1165,3365,0,2
672,1165,3365,1,2
672,1165,3365,2,2
672,1165,3365,3,2
672,1165,3365,4,2
672,1165,3365,5,2
672,1165,3365,6,3
672,1165,3365,7,3
672,1165,3365,8,2
672,1165,3365,9,3
672,1165,3365,10,3
672,1165,3365,11,2
672,1165,3365,12,3
672,1165,3365,13,2
672,1165,3365,14,3
672,1165,3365,15,2
672,1165,3365,16,4
672,1165,3365,17,3
672,1165,3365,18,3
672,1165,3365,19,2
672,1165,3365,20,2
672,1165,3365,21,2
672,1165,3365,22,2
672,1165,3365,23,2
672,1165,3365,24,3
672,1165,3365,25,3
672,1165,3365,26,2
672,1165,3365,27,3
672,1165,3365,28,2
672,1165,3365,29,2
672,1166,3366,0,2
672,1166,3366,1,2
672,1166,3366,2,2
672,1166,3366,3,3
672,1166,3366,4,3
521,179,2576,0,2
521,188,2577,0,3
521,188,2577,1,2
521,188,2577,2,3
521,202,2578,0,2
521,202,2578,1,2
521,202,2578,2,3
521,202,2578,3,2
521,202,2578,4,2
521,290,2579,0,2
522,290,2563,0,2
522,290,2563,1,2
522,290,2563,2,2
524,160,2572,0,2
524,160,2572,1,2
524,160,2572,2,3
524,160,2572,3,3
524,160,2572,4,2
524,179,2573,0,2
524,188,2574,0,3
524,188,2574,1,2
524,268,2575,0,2
525,179,2570,0,2
525,209,2571,0,2
523,686,2581,0,2
523,686,2581,1,2
523,686,2581,2,2
523,686,2581,3,2
523,711,2582,0,2
523,711,2582,1,2
523,711,2582,2,2
523,179,2583,0,2
523,179,2583,1,3
523,188,2584,0,2
523,188,2584,1,2
523,188,2584,2,2
523,954,2585,0,2
526,686,2589,0,2
526,686,2589,1,2
526,686,2589,2,2
526,686,2589,3,2
526,711,2590,0,2
526,711,2590,1,2
526,711,2590,2,2
526,179,2591,0,2
526,179,2591,1,3
526,188,2592,0,2
526,188,2592,1,2
526,188,2592,2,2
526,955,2593,0,2
527,961,2580,0,3
528,179,2599,0,3
673,1164,3349,0,2
673,1164,3349,1,2
673,1164,3349,2,3
673,1164,3349,3,2
673,1164,3349,4,2
673,1164,3349,5,2
673,1164,3349,6,3
673,1164,3349,7,2
673,1164,3349,8,2
673,1166,3350,0,2
673,1166,3350,1,2
673,1166,3350,2,2
673,1166,3350,3,2
673,1166,3350,4,3
674,1164,3343,0,2
674,1164,3343,1,3
674,1164,3343,2,2
674,1164,3343,3,2
674,1164,3343,4,3
674,1164,3343,5,2
674,1164,3343,6,2
674,1166,3344,0,2
674,1166,3344,1,2
674,1166,3344,2,2
674,1166,3344,3,2
674,1166,3344,4,2
674,1166,3344,5,3
529,968,2598,0,2
530,179,2601,0,2
675,1164,3352,0,2
675,1164,3352,1,2
675,1164,3352,2,3
675,1164,3352,3,3
675,1166,3353,0,2
675,1166,3353,1,2
675,1166,3353,2,3
675,1166,3353,3,3
675,1166,3353,4,3
675,1166,3353,5,2
675,1166,3353,6,3
676,1164,3354,0,3
676,1164,3354,1,3
676,1164,3354,2,3
676,1164,3354,3,2
676,1166,3355,0,2
676,1166,3355,1,3
676,1166,3355,2,2
676,1166,3355,3,3
677,1164,3373,0,2
677,1164,3373,1,3
677,1164,3373,2,3
677,1164,3373,3,2
677,1164,3373,4,2
677,1164,3373,5,3
677,1165,3374,0,2
677,1165,3374,1,2
677,1165,3374,2,2
677,1165,3374,3,2
677,1165,3374,4,2
677,1165,3374,5,3
677,1165,3374,6,3
677,1165,3374,7,3
677,1165,3374,8,3
677,1165,3374,9,3
677,1165,3374,10,3
677,1165,3374,11,3
677,1165,3374,12,3
677,1165,3374,13,3
677,1165,3374,14,3
677,1165,3374,15,3
677,1165,3374,16,3
677,1165,3374,17,3
677,1165,3374,18,3
677,1165,3374,19,2
677,1165,3374,20,2
677,1165,3374,21,3
677,1165,3374,22,3
677,1165,3374,23,2
677,1165,3374,24,2
677,1165,3374,25,3
677,1165,3374,26,2
677,1165,3374,27,2
677,1165,3374,28,2
677,1165,3374,29,3
677,1165,3374,30,2
677,1165,3374,31,2
677,1166,3375,0,2
677,1166,3375,1,3
677,1166,3375,2,3
677,1166,3375,3,3
677,1166,3375,4,3
677,1166,3375,5,3
677,1166,3375,6,3
678,1164,3356,0,2
678,1164,3356,1,3
678,1164,3356,2,3
678,1166,3357,0,3
678,1166,3357,1,3
678,1166,3357,2,3
679,1164,3359,0,2
679,1164,3359,1,2
679,1164,3359,2,2
679,1164,3359,3,3
679,1164,3359,4,3
679,1164,3359,5,2
679,1164,3359,6,2
679,1164,3359,7,3
679,1164,3359,8,3
679,1164,3359,9,2
679,1164,3359,10,2
679,1164,3359,11,3
679,1164,3359,12,2
679,1164,3359,13,3
679,1164,3359,14,2
679,1164,3359,15,3
679,1166,3360,0,2
679,1166,3360,1,3
679,1166,3360,2,2
679,1166,3360,3,2
679,1166,3360,4,3
679,1166,3360,5,2
679,1166,3360,6,2
679,1166,3360,7,3
679,1166,3360,8,3
679,1166,3360,9,2
679,1166,3360,10,2
665,130,3327,0,2
665,130,3327,1,3
665,130,3327,2,2
665,130,3327,3,2
665,160,3328,0,2
665,160,3328,1,2
665,160,3328,2,2
665,160,3328,3,2
665,160,3328,4,3
665,161,3329,0,2
665,288,3330,0,2
665,288,3330,1,3
665,288,3330,2,2
685,1164,3403,0,2
685,1164,3403,1,2
685,1164,3403,2,2
685,640,3404,0,2
685,650,3405,0,2
685,1166,3406,0,2
685,1166,3406,1,2
685,1166,3406,2,2
686,1164,3425,0,2
686,1164,3425,1,2
686,1164,3425,2,3
686,1164,3425,3,2
686,1164,3425,4,3
686,1164,3425,5,2
686,1164,3425,6,2
686,1164,3425,7,2
686,1164,3425,8,2
686,1164,3425,9,3
686,1164,3425,10,3
686,1164,3425,11,3
686,1164,3425,12,2
686,1164,3425,13,2
686,1164,3425,14,3
686,1166,3426,0,2
686,1166,3426,1,3
686,1166,3426,2,2
686,1166,3426,3,3
686,1166,3426,4,2
686,1166,3426,5,3
686,1166,3426,6,3
686,1166,3426,7,2
686,1166,3426,8,3
686,1166,3426,9,3
686,1166,3426,10,3
686,1166,3426,11,3
686,1166,3426,12,2
680,161,3361,0,2
680,161,3361,1,2
680,161,3361,2,2
680,161,3361,3,2
680,161,3361,4,2
680,1169,3362,0,2
680,650,3363,0,3
680,650,3363,1,3
680,1170,3364,0,2
681,1155,3378,0,2
681,1155,3378,1,2
681,1155,3378,2,2
681,1155,3378,3,2
681,1155,3378,4,2
681,1155,3378,5,2
681,1164,3379,0,2
681,1164,3379,1,3
681,1164,3379,2,2
681,1164,3379,3,2
681,1164,3379,4,2
681,1164,3379,5,2
681,1164,3379,6,2
681,1164,3379,7,3
681,1164,3379,8,3
681,1164,3379,9,3
681,1164,3379,10,2
681,1164,3379,11,2
681,1164,3379,12,3
681,1164,3379,13,2
681,1164,3379,14,2
681,1164,3379,15,2
681,1164,3379,16,3
682,164,3368,0,2
682,164,3368,1,2
687,1164,3411,0,3
687,1164,3411,1,2
687,1164,3411,2,3
687,1164,3411,3,2
687,1164,3411,4,3
687,1165,3412,0,3
687,1165,3412,1,2
687,1165,3412,2,2
687,1165,3412,3,2
687,1165,3412,4,2
687,1165,3412,5,2
687,1165,3412,6,3
687,1165,3412,7,2
687,1166,3413,0,2
687,1166,3413,1,3
683,1154,3380,0,2
683,1154,3380,1,2
683,1154,3380,2,2
683,1154,3380,3,2
683,130,3381,0,2
683,184,3382,0,2
683,184,3382,1,2
683,184,3382,2,2
683,184,3382,3,2
683,185,3383,0,2
683,188,3384,0,2
683,188,3384,1,2
683,626,3385,0,2
683,1149,3386,0,2
683,1149,3386,1,2
683,1149,3386,2,2
683,1149,3386,3,3
683,1149,3386,4,3
683,224,3387,0,3
683,224,3387,1,2
683,224,3387,2,2
683,224,3387,3,3
683,224,3387,4,2
683,224,3387,5,3
683,224,3387,6,2
690,1166,3408,0,2
684,224,3402,0,2
684,224,3402,1,2
684,224,3402,2,2
684,224,3402,3,2
684,224,3402,4,2
684,224,3402,5,2
684,224,3402,6,2
688,224,3410,0,2
688,224,3410,1,2
688,224,3410,2,3
688,224,3410,3,2
688,224,3410,4,2
688,224,3410,5,3
688,224,3410,6,2
688,224,3410,7,3
688,224,3410,8,2
688,224,3410,9,2
688,224,3410,10,3
688,224,3410,11,4
532,580,2638,0,2
532,118,2639,0,3
532,118,2639,1,2
532,118,2639,2,3
532,118,2639,3,2
532,634,2640,0,2
532,634,2640,1,2
532,639,2641,0,3
532,639,2641,1,2
532,641,2642,0,2
532,641,2642,1,2
532,641,2642,2,2
532,641,2642,3,2
532,641,2642,4,2
532,641,2642,5,3
532,641,2642,6,3
532,641,2642,7,2
532,641,2642,8,3
532,641,2642,9,2
532,641,2642,10,2
532,644,2643,0,2
532,644,2643,1,2
532,148,2644,0,2
532,148,2644,1,3
532,149,2645,0,2
532,653,2646,0,2
532,653,2646,1,2
532,653,2646,2,2
532,653,2646,3,2
532,656,2647,0,2
532,656,2647,1,2
532,656,2647,2,2
532,656,2647,3,2
532,190,2648,0,2
532,201,2649,0,2
532,204,2650,0,2
532,204,2650,1,2
532,209,2651,0,2
532,209,2651,1,2
532,209,2651,2,2
532,209,2651,3,3
532,209,2651,4,3
532,209,2651,5,2
532,209,2651,6,3
532,209,2651,7,2
532,209,2651,8,2
532,944,2652,0,2
532,211,2653,0,2
532,216,2654,0,2
532,222,2655,0,2
532,224,2656,0,2
532,227,2657,0,2
532,703,2658,0,2
532,237,2659,0,2
532,237,2659,1,2
532,237,2659,2,2
532,237,2659,3,3
532,237,2659,4,3
532,237,2659,5,2
532,237,2659,6,3
532,237,2659,7,3
532,237,2659,8,3
532,237,2659,9,3
532,237,2659,10,2
532,240,2660,0,2
532,250,2661,0,2
532,254,2662,0,3
532,254,2662,1,2
532,273,2663,0,2
532,274,2664,0,2
532,276,2665,0,2
532,277,2666,0,2
532,279,2667,0,2
532,282,2668,0,2
532,284,2669,0,2
533,254,2603,0,3
533,254,2603,1,3
534,118,2604,0,2
534,118,2604,1,2
534,118,2604,2,3
535,273,2605,0,3
535,274,2606,0,3
535,276,2607,0,2
535,277,2608,0,2
535,279,2609,0,2
535,282,2610,0,2
535,284,2611,0,2
692,1172,3421,0,2
692,208,3422,0,2
692,208,3422,1,3
692,208,3422,2,2
692,209,3423,0,2
692,209,3423,1,3
692,209,3423,2,2
538,118,2617,0,2
541,989,2622,0,2
541,989,2622,1,2
693,1154,3417,0,2
693,1155,3418,0,2
693,1164,3419,0,2
694,934,3431,0,2
694,934,3431,1,2
545,997,2631,0,2
545,997,2631,1,2
545,997,2631,2,2
545,998,2632,0,2
546,997,2628,0,2
547,1000,2629,0,2
547,997,2630,0,2
696,252,3433,0,2
696,252,3433,1,2
696,252,3433,2,2
696,628,3434,0,2
697,252,3432,0,2
698,237,3435,0,2
698,252,3436,0,2
700,1164,3448,0,2
700,1165,3449,0,2
700,1165,3449,1,2
700,1165,3449,2,2
700,1165,3449,3,3
700,1165,3449,4,2
700,1165,3449,5,2
700,1165,3449,6,2
700,1165,3449,7,3
700,1165,3449,8,3
700,1165,3449,9,2
700,1165,3449,10,3
700,1165,3449,11,3
700,1165,3449,12,3
700,1165,3449,13,3
700,1165,3449,14,2
700,1165,3449,15,2
700,1165,3449,16,2
700,1165,3449,17,2
700,1165,3449,18,2
700,1165,3449,19,2
700,1165,3449,20,2
700,1165,3449,21,3
700,1165,3449,22,3
700,1165,3449,23,3
700,1165,3449,24,2
700,1165,3449,25,3
700,1166,3450,0,2
700,1166,3450,1,2
548,1000,2633,0,2
701,237,3455,0,2
543,991,2623,0,2
543,991,2623,1,2
543,991,2623,2,2
543,991,2623,3,2
543,992,2624,0,2
543,992,2624,1,2
543,992,2624,2,2
543,992,2624,3,2
544,995,2627,0,2
544,995,2627,1,3
544,995,2627,2,2
703,116,3456,0,2
703,116,3456,1,2
703,116,3456,2,2
703,116,3456,3,2
703,631,3457,0,2
703,631,3457,1,2
703,631,3457,2,2
703,631,3457,3,2
704,209,3458,0,2
704,209,3458,1,3
704,209,3458,2,2
705,160,3460,0,2
705,160,3460,1,2
705,160,3460,2,3
705,160,3460,3,2
705,160,3460,4,2
705,160,3460,5,2
705,208,3461,0,2
705,208,3461,1,3
705,209,3462,0,3
705,209,3462,1,2
550,992,2636,0,2
550,992,2636,1,2
552,1002,2677,0,2
557,208,2681,0,2
558,208,2683,0,2
558,209,2684,0,2
706,1154,3472,0,2
706,1155,3473,0,2
706,1164,3474,0,2
706,1164,3474,1,2
706,1164,3474,2,2
706,1164,3474,3,2
706,1165,3475,0,3
706,1165,3475,1,3
706,1165,3475,2,3
706,1165,3475,3,2
706,1165,3475,4,3
706,1165,3475,5,2
706,1165,3475,6,3
706,1165,3475,7,3
706,1165,3475,8,3
706,1165,3475,9,3
706,1165,3475,10,2
706,1165,3475,11,3
706,1165,3475,12,3
706,1165,3475,13,3
706,1165,3475,14,2
706,1165,3475,15,2
706,1165,3475,16,2
706,1165,3475,17,2
706,1165,3475,18,3
706,1165,3475,19,3
706,1165,3475,20,3
706,1165,3475,21,3
706,1165,3475,22,3
706,1165,3475,23,3
706,1165,3475,24,2
706,1166,3476,0,2
706,1166,3476,1,2
706,1166,3476,2,2
706,1166,3476,3,2
553,1004,2678,0,3
554,1007,2680,0,2
554,1007,2680,1,2
554,1007,2680,2,2
554,1007,2680,3,2
560,188,2686,0,2
560,188,2686,1,2
560,188,2686,2,2
560,188,2686,3,2
561,703,2688,0,3
556,703,2682,0,3
562,209,2687,0,2
689,118,3437,0,2
689,1154,3438,0,2
689,1154,3438,1,2
689,1154,3438,2,2
689,1154,3438,3,3
689,1154,3438,4,2
689,1154,3438,5,2
689,1154,3438,6,2
689,1154,3438,7,2
689,1154,3438,8,3
689,1154,3438,9,2
689,1154,3438,10,2
689,1144,3439,0,2
689,1144,3439,1,2
689,1144,3439,2,3
689,1144,3439,3,2
689,1144,3439,4,2
689,1144,3439,5,3
689,224,3440,0,2
689,224,3440,1,3
689,224,3440,2,3
689,224,3440,3,3
689,224,3440,4,3
689,224,3440,5,3
689,224,3440,6,2
689,224,3440,7,3
689,224,3440,8,3
689,224,3440,9,2
689,224,3440,10,3
689,712,3441,0,2
689,712,3441,1,2
689,712,3441,2,2
689,712,3441,3,2
707,118,3459,0,3
709,160,3467,0,2
709,160,3467,1,2
563,1012,2689,0,2
563,1012,2689,1,2
711,1154,3479,0,3
711,1154,3479,1,3
711,1154,3479,2,3
711,1154,3479,3,2
711,1154,3479,4,2
711,1154,3479,5,3
711,1154,3479,6,3
711,1154,3479,7,3
711,1154,3479,8,3
711,1154,3479,9,3
711,1154,3479,10,3
711,1154,3479,11,3
711,1154,3479,12,2
711,1155,3480,0,2
711,1155,3480,1,2
711,1155,3480,2,3
711,1155,3480,3,3
711,1155,3480,4,2
711,1164,3481,0,2
711,1164,3481,1,2
711,1164,3481,2,3
711,1164,3481,3,2
711,1164,3481,4,2
711,1164,3481,5,2
711,1164,3481,6,2
711,712,3482,0,3
712,1177,3487,0,2
712,1154,3488,0,2
712,1154,3488,1,2
712,1154,3488,2,2
712,1144,3489,0,3
712,1144,3489,1,2
712,1144,3489,2,2
712,1144,3489,3,2
712,224,3490,0,2
712,224,3490,1,3
712,224,3490,2,3
712,224,3490,3,3
712,224,3490,4,3
712,224,3490,5,2
712,224,3490,6,2
712,224,3490,7,2
712,224,3490,8,2
713,1164,3469,0,2
713,1164,3469,1,3
713,1164,3469,2,2
713,1164,3469,3,3
714,1164,3468,0,2
714,1164,3468,1,3
716,1172,3493,0,3
716,1172,3493,1,3
716,1172,3493,2,2
716,1172,3493,3,3
716,712,3494,0,2
716,712,3494,1,2
716,712,3494,2,3
720,1164,3560,0,2
720,1164,3560,1,2
720,1164,3560,2,2
720,1164,3560,3,2
720,1165,3561,0,2
720,1165,3561,1,2
720,1165,3561,2,2
720,1165,3561,3,2
720,1165,3561,4,2
720,1165,3561,5,4
720,1165,3561,6,3
720,1165,3561,7,3
720,1165,3561,8,3
720,1165,3561,9,3
720,1165,3561,10,2
720,1165,3561,11,3
720,1165,3561,12,3
720,1165,3561,13,3
720,1165,3561,14,2
720,1165,3561,15,2
720,1165,3561,16,3
720,1165,3561,17,2
720,1165,3561,18,2
720,1165,3561,19,3
720,1165,3561,20,2
720,1165,3561,21,3
720,1165,3561,22,3
720,1165,3561,23,3
720,1165,3561,24,3
720,1165,3561,25,3
720,1165,3561,26,2
720,1165,3561,27,3
720,641,3562,0,3
720,641,3562,1,3
720,641,3562,2,3
720,641,3562,3,4
720,641,3562,4,3
720,641,3562,5,3
720,641,3562,6,2
720,641,3562,7,3
720,641,3562,8,3
720,641,3562,9,3
720,641,3562,10,3
720,641,3562,11,4
720,641,3562,12,3
720,641,3562,13,3
720,641,3562,14,2
720,641,3562,15,3
720,641,3562,16,3
720,641,3562,17,3
720,641,3562,18,3
720,641,3562,19,4
720,641,3562,20,3
720,641,3562,21,3
720,641,3562,22,2
720,641,3562,23,2
720,641,3562,24,3
720,641,3562,25,3
720,641,3562,26,3
720,641,3562,27,3
720,641,3562,28,4
720,641,3562,29,3
720,641,3562,30,3
720,641,3562,31,2
720,641,3562,32,3
720,641,3562,33,3
720,641,3562,34,3
720,641,3562,35,3
720,641,3562,36,4
720,641,3562,37,3
720,641,3562,38,3
720,641,3562,39,2
720,641,3562,40,3
720,641,3562,41,3
720,641,3562,42,3
720,641,3562,43,3
720,641,3562,44,4
720,641,3562,45,3
720,641,3562,46,3
720,641,3562,47,2
720,641,3562,48,3
720,641,3562,49,3
720,641,3562,50,3
720,641,3562,51,4
720,641,3562,52,3
720,641,3562,53,3
720,641,3562,54,2
720,641,3562,55,2
720,641,3562,56,3
720,641,3562,57,3
720,641,3562,58,3
720,641,3562,59,3
720,641,3562,60,4
720,641,3562,61,3
720,641,3562,62,3
720,641,3562,63,2
720,641,3562,64,2
720,641,3562,65,3
720,641,3562,66,3
720,641,3562,67,3
720,641,3562,68,3
720,641,3562,69,3
720,641,3562,70,3
720,641,3562,71,3
720,641,3562,72,2
720,641,3562,73,3
720,641,3562,74,3
720,641,3562,75,3
720,641,3562,76,4
720,641,3562,77,3
720,641,3562,78,3
720,641,3562,79,2
720,641,3562,80,2
720,641,3562,81,3
720,641,3562,82,3
720,641,3562,83,3
720,641,3562,84,3
720,641,3562,85,4
720,641,3562,86,3
720,641,3562,87,3
720,641,3562,88,2
720,641,3562,89,2
720,641,3562,90,3
720,641,3562,91,3
720,641,3562,92,3
720,641,3562,93,3
720,641,3562,94,4
720,641,3562,95,3
720,641,3562,96,3
720,641,3562,97,2
720,641,3562,98,2
720,641,3562,99,3
720,641,3562,100,3
720,641,3562,101,3
720,641,3562,102,4
720,641,3562,103,3
720,641,3562,104,3
720,641,3562,105,2
720,641,3562,106,2
720,641,3562,107,3
720,641,3562,108,3
720,641,3562,109,3
720,641,3562,110,3
720,641,3562,111,4
720,641,3562,112,3
720,641,3562,113,3
720,641,3562,114,2
720,641,3562,115,2
720,641,3562,116,3
720,641,3562,117,3
720,641,3562,118,3
720,641,3562,119,3
720,641,3562,120,4
720,641,3562,121,3
720,641,3562,122,3
720,641,3562,123,2
720,641,3562,124,3
720,641,3562,125,3
720,641,3562,126,3
720,641,3562,127,3
720,641,3562,128,3
720,641,3562,129,3
720,641,3562,130,3
720,641,3562,131,3
720,641,3562,132,3
720,641,3562,133,4
720,1166,3563,0,2
720,1166,3563,1,3
720,1166,3563,2,2
720,1166,3563,3,3
718,1172,3523,0,2
718,1172,3523,1,2
718,1172,3523,2,2
718,1160,3524,0,3
718,1160,3524,1,2
718,1177,3525,0,3
718,1177,3525,1,2
718,1177,3525,2,2
718,1164,3527,0,3
718,1164,3527,1,3
718,1164,3527,2,2
718,1164,3527,3,2
718,1164,3527,4,2
718,1164,3527,5,3
718,1164,3527,6,3
718,1164,3527,7,2
718,1164,3527,8,2
718,1164,3527,9,3
718,1164,3527,10,2
718,1164,3527,11,2
718,1164,3527,12,2
718,1164,3527,13,2
718,1164,3527,14,3
718,1164,3527,15,2
718,1164,3527,16,2
718,1164,3527,17,2
718,1164,3527,18,2
718,1164,3527,19,2
718,1164,3527,20,3
718,1164,3527,21,2
718,1164,3527,22,2
718,1162,3528,0,2
718,160,3529,0,2
718,160,3529,1,2
718,160,3529,2,3
718,1169,3530,0,2
718,1169,3530,1,3
718,1166,3532,0,2
718,1166,3532,1,3
718,1166,3532,2,2
718,1166,3532,3,2
718,1166,3532,4,2
718,1166,3532,5,3
718,1166,3532,6,2
718,1166,3532,7,2
718,1166,3532,8,2
718,1166,3532,9,3
718,1166,3532,10,3
718,1166,3532,11,3
718,1166,3532,12,3
718,1166,3532,13,2
718,1166,3532,14,2
718,1166,3532,15,3
718,1166,3532,16,2
718,1166,3532,17,3
718,1166,3532,18,3
718,1166,3532,19,2
718,1166,3532,20,2
721,1164,3502,0,2
721,1164,3502,1,2
721,1164,3502,2,3
721,1164,3502,3,3
721,1164,3502,4,3
721,1164,3502,5,3
721,1164,3502,6,2
719,224,3500,0,2
719,224,3500,1,3
719,224,3500,2,2
719,224,3500,3,2
719,224,3500,4,3
719,224,3500,5,2
723,1165,3557,0,3
723,1165,3557,1,3
723,1165,3557,2,2
723,1165,3557,3,3
723,1165,3557,4,3
723,1165,3557,5,3
723,1165,3557,6,2
723,1165,3557,7,3
723,1165,3557,8,3
723,1165,3557,9,3
723,1165,3557,10,3
723,1165,3557,11,2
723,1165,3557,12,3
723,1165,3557,13,3
723,1165,3557,14,3
723,1165,3557,15,2
723,1165,3557,16,3
723,1165,3557,17,3
723,1165,3557,18,3
723,1165,3557,19,3
723,1165,3557,20,3
723,1165,3557,21,3
723,1165,3557,22,3
723,1165,3557,23,2
723,1165,3557,24,3
723,1165,3557,25,3
723,1165,3557,26,3
723,1165,3557,27,3
723,1165,3557,28,3
723,1165,3557,29,3
723,1165,3557,30,3
723,1165,3557,31,2
723,1165,3557,32,3
723,1165,3557,33,3
723,1165,3557,34,3
723,1165,3557,35,4
723,1165,3557,36,3
723,1165,3557,37,3
723,1165,3557,38,2
723,1165,3557,39,3
723,1165,3557,40,3
723,1165,3557,41,3
723,1165,3557,42,3
723,1165,3557,43,3
723,1165,3557,44,3
723,1165,3557,45,3
723,1165,3557,46,2
723,1165,3557,47,3
723,1165,3557,48,3
723,1165,3557,49,3
723,1165,3557,50,3
723,1165,3557,51,3
723,1165,3557,52,3
723,1165,3557,53,3
723,1165,3557,54,3
723,1165,3557,55,2
723,1165,3557,56,3
723,1165,3557,57,3
723,1165,3557,58,2
723,1165,3557,59,3
723,1165,3557,60,2
723,1165,3557,61,3
723,1165,3557,62,3
723,1165,3557,63,3
723,1165,3557,64,3
723,1165,3557,65,3
723,1165,3557,66,3
723,1165,3557,67,4
723,1165,3557,68,3
723,1165,3557,69,2
723,1165,3557,70,3
723,1165,3557,71,3
723,1165,3557,72,3
723,1165,3557,73,3
723,1165,3557,74,3
723,1165,3557,75,3
723,1165,3557,76,3
723,1165,3557,77,2
723,1165,3557,78,3
723,1165,3557,79,3
723,1165,3557,80,3
723,1165,3557,81,3
723,1165,3557,82,3
723,1165,3557,83,2
723,1165,3557,84,3
723,1165,3557,85,3
723,1165,3557,86,2
723,1165,3557,87,3
723,1165,3557,88,2
723,1165,3557,89,2
723,1165,3557,90,3
723,1165,3557,91,2
723,1165,3557,92,2
723,1165,3557,93,3
723,1165,3557,94,2
723,1165,3557,95,3
723,1165,3557,96,3
723,1165,3557,97,2
723,1165,3557,98,2
723,1165,3557,99,2
723,1165,3557,100,2
723,1165,3557,101,2
723,1165,3557,102,2
723,1165,3557,103,3
723,1166,3558,0,2
723,1166,3558,1,2
723,1166,3558,2,2
724,1166,3512,0,2
724,1166,3512,1,3
724,1166,3512,2,2
724,1166,3512,3,2
724,1166,3512,4,3
724,1166,3512,5,3
724,1166,3512,6,3
724,1166,3512,7,3
724,1166,3512,8,2
724,1166,3512,9,3
724,1166,3512,10,2
724,1166,3512,11,3
724,1166,3512,12,3
724,1166,3512,13,2
724,1166,3512,14,3
724,1166,3512,15,2
729,1164,3520,0,2
729,1165,3521,0,3
729,1165,3521,1,3
729,1165,3521,2,3
729,1165,3521,3,2
729,1165,3521,4,3
729,1165,3521,5,2
729,1165,3521,6,3
729,1165,3521,7,2
729,1165,3521,8,3
729,1165,3521,9,3
729,1165,3521,10,3
730,1164,3541,0,2
730,1165,3542,0,2
730,1165,3542,1,2
730,1165,3542,2,2
730,1165,3542,3,2
730,1165,3542,4,2
730,1165,3542,5,2
730,1165,3542,6,2
730,1165,3542,7,2
730,1165,3542,8,3
730,1165,3542,9,2
730,1166,3543,0,2
730,1166,3543,1,2
731,1172,3549,0,2
731,1177,3550,0,2
731,1179,3551,0,2
731,1180,3552,0,2
731,1164,3553,0,2
731,1165,3554,0,2
731,1165,3554,1,2
731,1165,3554,2,2
731,1165,3554,3,3
731,1165,3554,4,3
731,1165,3554,5,3
731,1165,3554,6,3
731,1165,3554,7,2
731,1165,3554,8,3
731,1165,3554,9,3
731,1165,3554,10,3
731,1165,3554,11,3
731,1165,3554,12,2
731,1165,3554,13,2
731,1165,3554,14,2
731,1165,3554,15,2
731,1165,3554,16,2
731,1165,3554,17,2
731,1165,3554,18,2
731,1165,3554,19,2
731,1165,3554,20,3
731,1165,3554,21,3
731,1166,3555,0,3
731,1166,3555,1,2
731,1166,3555,2,2
731,1166,3555,3,2
731,1166,3555,4,3
732,1179,3537,0,3
732,1181,3538,0,2
732,1180,3539,0,3
732,1180,3539,1,3
732,1166,3540,0,2
732,1166,3540,1,2
732,1166,3540,2,2
732,1166,3540,3,2
727,161,3514,0,2
727,161,3514,1,2
727,188,3515,0,2
727,188,3515,1,2
727,188,3515,2,3
727,224,3516,0,2
727,224,3516,1,2
727,224,3516,2,2
727,224,3516,3,2
727,224,3516,4,2
727,224,3516,5,3
727,224,3516,6,2
727,224,3516,7,2
727,224,3516,8,2
727,224,3516,9,2
727,224,3516,10,2
727,712,3517,0,3
727,712,3517,1,3
727,712,3517,2,2
727,712,3517,3,2
727,712,3517,4,2
728,712,3513,0,3
728,712,3513,1,2
734,188,3565,0,3
734,1183,3566,0,2
736,1179,3568,0,3
736,1180,3569,0,3
736,1166,3570,0,2
739,1177,3575,0,2
739,1177,3575,1,2
739,1164,3576,0,2
739,1164,3576,1,3
739,1164,3576,2,2
739,1179,3577,0,3
739,1181,3578,0,2
739,1180,3579,0,3
739,1180,3579,1,3
739,1180,3579,2,2
739,1180,3579,3,2
739,1166,3580,0,2
739,1166,3580,1,2
739,1166,3580,2,3
739,1166,3580,3,3
740,1177,3582,0,2
740,1177,3582,1,3
740,1164,3583,0,2
740,1164,3583,1,2
740,1164,3583,2,3
740,1179,3584,0,3
740,1181,3585,0,2
740,1180,3586,0,3
740,1180,3586,1,3
740,1180,3586,2,2
740,1180,3586,3,2
740,1166,3587,0,2
740,1166,3587,1,2
740,1166,3587,2,3
740,1166,3587,3,2
741,1177,3611,0,2
741,1164,3612,0,2
741,1164,3612,1,2
741,1164,3612,2,3
741,1165,3613,0,2
741,1165,3613,1,2
741,1165,3613,2,2
741,1165,3613,3,3
741,1165,3613,4,3
741,1165,3613,5,3
741,1165,3613,6,2
741,1165,3613,7,3
741,1165,3613,8,3
741,1165,3613,9,3
741,1165,3613,10,3
741,1165,3613,11,4
741,1165,3613,12,3
741,1165,3613,13,3
741,1165,3613,14,3
741,1165,3613,15,2
741,1165,3613,16,3
741,1165,3613,17,3
741,1165,3613,18,3
741,1165,3613,19,2
741,1165,3613,20,3
741,1165,3613,21,3
741,1165,3613,22,2
741,1165,3613,23,2
741,1165,3613,24,2
741,1165,3613,25,2
741,1165,3613,26,3
741,1165,3613,27,3
741,1165,3613,28,3
741,1165,3613,29,3
741,1165,3613,30,3
741,1180,3614,0,3
741,1180,3614,1,2
741,1180,3614,2,2
741,1180,3614,3,2
741,1190,3615,0,2
741,1166,3616,0,2
741,1166,3616,1,2
741,1166,3616,2,2
741,1166,3616,3,2
741,1166,3616,4,2
741,1166,3616,5,3
742,1177,3592,0,2
742,1177,3592,1,2
742,1164,3593,0,2
742,1164,3593,1,2
742,1164,3593,2,2
742,1164,3593,3,2
742,1179,3594,0,3
742,1181,3595,0,2
742,1180,3596,0,2
742,1180,3596,1,2
742,1166,3597,0,3
742,1166,3597,1,3
743,1177,3589,0,2
743,1177,3589,1,2
743,1177,3589,2,2
743,1164,3590,0,2
743,1164,3590,1,3
744,1177,3599,0,3
648,580,3238,0,2
648,198,3239,0,2
648,204,3240,0,2
648,204,3240,1,2
648,209,3241,0,2
648,209,3241,1,2
648,209,3241,2,2
648,211,3242,0,2
648,222,3243,0,2
648,224,3244,0,2
648,227,3245,0,2
648,703,3246,0,2
648,703,3246,1,2
648,239,3247,0,3
738,116,3600,0,2
738,116,3600,1,2
738,1177,3602,0,2
738,1177,3602,1,3
738,1177,3602,2,2
738,1177,3602,3,3
738,1177,3602,4,2
738,1164,3603,0,3
738,1164,3603,1,3
738,1164,3603,2,2
738,1164,3603,3,2
738,1164,3603,4,2
738,1164,3603,5,3
738,1164,3603,6,3
738,1164,3603,7,2
738,1164,3603,8,2
738,1164,3603,9,3
738,1164,3603,10,2
738,1164,3603,11,3
738,1164,3603,12,3
738,1164,3603,13,2
738,1164,3603,14,2
738,1164,3603,15,3
738,1164,3603,16,2
738,1164,3603,17,2
738,1164,3603,18,2
738,1164,3603,19,2
738,1164,3603,20,2
738,1164,3603,21,2
738,1164,3603,22,2
738,1164,3603,23,3
738,1164,3603,24,2
738,1166,3604,0,3
738,1166,3604,1,2
738,1166,3604,2,3
738,1166,3604,3,3
738,224,3605,0,3
738,224,3605,1,3
745,1177,3618,0,3
745,1164,3619,0,2
745,1179,3620,0,3
745,1166,3621,0,2
745,1166,3621,1,2
745,1166,3621,2,3
745,1166,3621,3,2
747,161,3627,0,2
747,161,3627,1,3
747,161,3627,2,2
747,1169,3628,0,2
747,1169,3628,1,3
747,1169,3628,2,2
747,1180,3629,0,2
747,1180,3629,1,2
747,1180,3629,2,2
747,1166,3630,0,3
747,1166,3630,1,2
748,1180,3624,0,3
748,1166,3625,0,2
748,1166,3625,1,2
748,1166,3625,2,3
746,1177,3642,0,2
746,1177,3642,1,2
746,1164,3643,0,2
746,1166,3644,0,2
749,1166,3626,0,2
749,1166,3626,1,2
749,1166,3626,2,2
749,1166,3626,3,2
749,1166,3626,4,2
749,1166,3626,5,3
749,1166,3626,6,2
749,1166,3626,7,2
749,1166,3626,8,2
749,1166,3626,9,2
756,636,3637,0,2
756,161,3638,0,2
756,161,3638,1,2
756,161,3638,2,2
756,161,3638,3,2
756,164,3639,0,2
756,1170,3641,0,2
756,1170,3641,1,2
756,1170,3641,2,2
759,1164,3649,0,2
759,1164,3649,1,2
759,1166,3650,0,2
759,1166,3650,1,2
759,1166,3650,2,3
652,184,3226,0,2
652,184,3226,1,3
652,184,3226,2,2
652,184,3226,3,3
652,184,3226,4,3
652,185,3227,0,2
652,185,3227,1,2
652,185,3227,2,2
653,184,3224,0,2
773,1190,3682,0,2
774,1177,3689,0,3
774,1177,3689,1,2
774,1177,3689,2,2
764,209,3672,0,2
764,209,3672,1,3
764,209,3672,2,3
764,209,3672,3,3
765,184,3673,0,3
765,185,3674,0,2
765,185,3674,1,3
775,1179,3700,0,3
775,1180,3701,0,2
775,1190,3702,0,3
775,1190,3702,1,3
775,1166,3703,0,2
768,98,3679,0,3
768,98,3679,1,2
768,98,3679,2,3
776,161,3708,0,2
776,161,3708,1,2
776,161,3708,2,2
776,161,3708,3,2
776,161,3708,4,2
776,1180,3709,0,2
776,1180,3709,1,2
776,1180,3709,2,2
776,1190,3710,0,2
776,1166,3711,0,3
777,1181,3698,0,2
777,1180,3699,0,2
778,1179,3696,0,3
778,1180,3697,0,2
568,686,2698,0,2
568,686,2698,1,2
568,686,2698,2,2
568,686,2698,3,3
568,686,2698,4,3
568,686,2698,5,3
568,160,2700,0,2
568,160,2700,1,3
568,160,2700,2,3
568,160,2700,3,3
568,160,2700,4,2
568,702,2701,0,3
568,702,2701,1,3
568,702,2701,2,3
568,702,2701,3,2
568,702,2701,4,2
568,702,2701,5,3
568,702,2701,6,3
568,231,2702,0,3
568,231,2702,1,2
568,703,2703,0,2
568,703,2703,1,2
568,703,2703,2,3
568,703,2703,3,2
568,703,2703,4,2
568,703,2703,5,2
568,703,2703,6,2
568,703,2703,7,3
568,264,2704,0,3
568,264,2704,1,2
568,270,2705,0,2
568,270,2705,1,2
568,270,2705,2,2
568,270,2705,3,2
569,1017,2727,0,2
569,1018,2728,0,2
569,1019,2729,0,2
569,1020,2730,0,2
569,224,2731,0,2
569,224,2731,1,2
569,211,2732,0,2
569,211,2732,1,3
569,211,2732,2,2
569,1022,2733,0,2
570,155,2696,0,2
571,209,2697,0,3
781,1177,3706,0,2
781,1177,3706,1,3
782,645,3712,0,2
782,161,3713,0,3
782,161,3713,1,2
782,161,3713,2,2
782,161,3713,3,3
782,1180,3714,0,2
782,1180,3714,1,2
782,1180,3714,2,2
782,1180,3714,3,2
762,1177,3652,0,2
762,1177,3652,1,2
762,1177,3652,2,2
762,1149,3653,0,2
769,947,3676,0,3
769,1200,3677,0,3
770,946,3686,0,2
770,1202,3687,0,2
763,116,3659,0,2
763,116,3659,1,2
784,1149,3718,0,3
784,1149,3718,1,3
784,1149,3718,2,2
784,1149,3718,3,3
784,1149,3718,4,3
784,1149,3718,5,2
784,1149,3718,6,3
784,1149,3718,7,3
784,1149,3718,8,2
784,1149,3718,9,2
785,224,3728,0,2
785,224,3728,1,3
785,224,3728,2,3
785,224,3728,3,3
785,224,3728,4,3
785,224,3728,5,3
785,224,3728,6,2
785,224,3728,7,2
785,224,3728,8,2
